,seq_RSA-accpro,seq_RSA-accpro20,seq_SS-sspro,seq_SS-sspro8,seq_TM-tmhmm,seq_bulkiness-window5-biop,seq_kd_hydrophobicity-window7-biop,seq_predicted_carbonylated-carspred,seq_residue,seq_resnum,struct_ASA-dssp,struct_ASA_ALL-freesasa_het,struct_ASA_ALL-freesasa_nohet,struct_ASA_BACKBONE-freesasa_het,struct_ASA_BACKBONE-freesasa_nohet,struct_ASA_NONPOLAR-freesasa_het,struct_ASA_NONPOLAR-freesasa_nohet,struct_ASA_POLAR-freesasa_het,struct_ASA_POLAR-freesasa_nohet,struct_ASA_RESIDUE-freesasa_het,struct_ASA_RESIDUE-freesasa_nohet,struct_CA_DEPTH-msms,struct_PHI-dssp,struct_PSI-dssp,struct_RES_DEPTH-msms,struct_RSA-dssp,struct_RSA_ALL-freesasa_het,struct_RSA_ALL-freesasa_nohet,struct_RSA_BACKBONE-freesasa_het,struct_RSA_BACKBONE-freesasa_nohet,struct_RSA_NONPOLAR-freesasa_het,struct_RSA_NONPOLAR-freesasa_nohet,struct_RSA_POLAR-freesasa_het,struct_RSA_POLAR-freesasa_nohet,struct_RSA_RESIDUE-freesasa_het,struct_RSA_RESIDUE-freesasa_nohet,struct_SS-dssp,struct_residue,struct_resnum
0,e,75,C,C,I,inf,inf,"(False, 0.0)",M,1,188.0,200.6,200.6,37.46,37.46,123.12,123.12,77.48,77.48,163.15,163.15,1.999788073038648,360.0,-43.7,1.8296336860658309,1.0,103.9,103.9,89.2,89.2,104.7,104.7,102.7,102.7,108.0,108.0,-,M,1
1,e,65,C,C,I,inf,inf,"(False, 0.0)",K,2,129.0,131.54,131.54,15.78,15.78,71.99,71.99,59.56,59.56,115.77,115.77,1.9994628250070456,-64.2,-37.2,1.8707243159843543,0.6292682926829268,64.2,64.2,37.6,37.6,64.8,64.8,63.4,63.4,71.0,71.0,-,K,2
2,e,50,C,C,I,16.048000000000002,inf,"(False, 0.0)",N,3,94.0,85.97,85.97,2.28,2.28,22.81,22.81,63.16,63.16,83.7,83.7,1.999860508908724,-67.4,-43.0,1.7701085762632962,0.5987261146496815,59.3,59.3,5.5,5.5,54.9,54.9,61.1,61.1,80.9,80.9,G,N,3
3,e,55,H,H,I,16.758000000000003,-1.0285714285714285,"(False, 0.0)",P,4,84.0,86.71,86.71,15.22,15.22,79.41,79.41,7.3,7.3,71.49,71.49,1.9995892794557864,-68.5,-4.5,1.8765116890486369,0.6176470588235294,63.2,63.2,55.3,55.3,65.6,65.6,45.4,45.4,65.2,65.2,G,P,4
4,e,30,H,H,I,17.102,-1.4000000000000001,"(False, 0.0)",Y,5,55.99999999999999,57.44,57.44,8.93,8.93,50.71,50.71,6.73,6.73,48.51,48.51,1.9996781490985136,-63.4,-18.2,1.8722676986019495,0.25225225225225223,26.8,26.8,23.2,23.2,38.1,38.1,8.3,8.3,27.6,27.6,G,Y,5
5,-,15,H,H,I,17.692,-0.5857142857142857,"(False, 0.0)",F,6,138.0,138.59,138.59,6.34,6.34,132.61,132.61,5.98,5.98,132.25,132.25,1.9999074306731432,-51.0,-33.5,1.8939573840217212,0.700507614213198,69.3,69.3,16.5,16.5,80.4,80.4,17.1,17.1,81.9,81.9,T,F,6
6,-,20,H,H,I,16.506,0.45714285714285696,"(False, 0.0)",P,7,89.0,91.78,91.78,8.49,8.49,89.55,89.55,2.22,2.22,83.29,83.29,1.9996955398568417,-57.7,-24.8,1.9625576596248009,0.6544117647058824,66.9,66.9,30.8,30.8,73.9,73.9,13.8,13.8,75.9,75.9,H,P,7
7,-,5,H,H,I,17.18,0.6285714285714284,"(False, 0.0)",T,8,4.0,3.17,3.17,0.0,0.0,2.28,2.28,0.88,0.88,3.17,3.17,3.0406252337414483,-62.5,-37.7,2.3751166655377105,0.028169014084507043,2.3,2.3,0.0,0.0,3.1,3.1,1.3,1.3,3.2,3.2,H,T,8
8,-,0,H,H,I,13.9,1.3571428571428572,"(False, 0.0)",A,9,47.0,49.28,49.28,3.76,3.76,48.36,48.36,0.92,0.92,45.52,45.52,1.9996525365299385,-57.4,-41.9,1.8785804272317408,0.4433962264150944,45.3,45.3,8.5,8.5,68.1,68.1,2.4,2.4,70.3,70.3,H,A,9
9,-,0,H,H,I,14.693999999999999,0.7714285714285712,"(False, 0.0)",L,10,74.0,77.39,77.39,6.39,6.39,76.53,76.53,0.86,0.86,71.0,71.0,1.9993926443940289,-63.5,-36.5,2.184032551192325,0.451219512195122,43.1,43.1,16.1,16.1,53.7,53.7,2.3,2.3,50.8,50.8,H,L,10
10,-,0,H,H,I,15.146,1.4,"(False, 0.0)",G,11,0.0,0.0,0.0,0.0,0.0,0.0,0.0,0.0,0.0,0.0,0.0,3.6300380922751714,-60.0,-58.9,4.1708336622681115,0.0,0.0,0.0,0.0,0.0,0.0,0.0,0.0,0.0,inf,inf,H,G,11
11,-,0,H,H,T,16.806,0.9999999999999999,"(False, 0.0)",L,12,8.0,10.9,10.9,0.0,0.0,10.9,10.9,0.0,0.0,10.9,10.9,3.5908302943253343,-65.3,-33.8,2.9048004868232584,0.04878048780487805,6.1,6.1,0.0,0.0,7.7,7.7,0.0,0.0,7.8,7.8,H,L,12
12,-,10,H,H,T,15.09,0.557142857142857,"(False, 0.0)",Y,13,44.0,39.69,39.69,0.0,0.0,23.94,23.94,15.75,15.75,39.69,39.69,2.368254296120012,-59.8,-53.6,2.2704899480803267,0.1981981981981982,18.5,18.5,0.0,0.0,18.0,18.0,19.4,19.4,22.6,22.6,H,Y,13
13,-,10,H,H,T,18.016,0.5571428571428572,"(False, 0.0)",F,14,81.0,81.52,81.52,0.0,0.0,81.52,81.52,0.0,0.0,81.52,81.52,2.8509729682179143,-69.5,-33.5,2.4099381535527593,0.41116751269035534,40.8,40.8,0.0,0.0,49.4,49.4,0.0,0.0,50.5,50.5,H,F,14
14,-,10,H,H,T,18.016,1.2142857142857142,"(False, 0.0)",N,15,0.0,0.09,0.09,0.0,0.0,0.0,0.0,0.09,0.09,0.09,0.09,5.017944421079535,-56.6,-53.5,5.644934398869379,0.0,0.1,0.1,0.0,0.0,0.0,0.0,0.1,0.1,0.1,0.1,H,N,15
15,-,15,H,H,T,18.724,0.21428571428571425,"(False, 0.0)",Y,16,27.0,29.67,29.67,0.0,0.0,5.95,5.95,23.73,23.73,29.67,29.67,5.141208243616615,-64.7,-40.9,3.2782387264662667,0.12162162162162166,13.9,13.9,0.0,0.0,4.5,4.5,29.2,29.2,16.9,16.9,H,Y,16
16,-,15,H,H,T,17.502,0.3428571428571428,"(False, 0.0)",L,17,11.0,12.43,12.43,0.34,0.34,12.17,12.17,0.26,0.26,12.1,12.1,2.6602579778647537,-56.7,-37.0,2.5414011972625428,0.06707317073170732,6.9,6.9,0.9,0.9,8.6,8.6,0.7,0.7,8.7,8.7,H,L,17
17,-,15,H,H,T,15.618,0.21428571428571422,"(False, 0.0)",V,18,8.0,8.91,8.91,6.54,6.54,8.91,8.91,0.0,0.0,2.36,2.36,1.999463423440544,-60.6,-31.1,2.3938556739260397,0.056338028169014086,5.9,5.9,15.8,15.8,7.7,7.7,0.0,0.0,2.1,2.1,H,V,18
18,-,20,H,H,T,15.262,0.6571428571428569,"(False, 0.0)",H,19,7.0,8.82,8.82,0.54,0.54,8.61,8.61,0.21,0.21,8.28,8.28,3.8768158863395215,-60.4,-36.6,3.0700132948605163,0.03804347826086957,4.8,4.8,1.4,1.4,8.9,8.9,0.2,0.2,5.8,5.8,H,H,19
19,-,10,H,H,T,11.661999999999999,1.4428571428571428,"(False, 0.0)",G,20,1.0,1.25,1.25,1.25,1.25,1.1,1.1,0.16,0.16,0.0,0.0,1.9996177399123995,-58.5,-30.2,2.7841807649849586,0.011904761904761904,1.5,1.5,1.5,1.5,3.0,3.0,0.3,0.3,inf,inf,H,G,20
20,-,15,H,H,T,11.661999999999999,1.4428571428571428,"(False, 0.0)",M,21,8.0,5.8,5.8,0.0,0.0,0.62,0.62,5.18,5.18,5.8,5.8,3.709804055698348,-64.5,-34.3,3.4820502328703498,0.0425531914893617,3.0,3.0,0.0,0.0,0.5,0.5,6.9,6.9,3.8,3.8,H,M,21
21,-,15,H,H,T,13.203999999999999,1.3857142857142857,"(False, 0.0)",G,22,2.0,3.05,3.05,3.05,3.05,0.35,0.35,2.71,2.71,0.0,0.0,5.6331955040574595,-67.0,-38.1,5.209829473181922,0.023809523809523808,3.8,3.8,3.8,3.8,0.9,0.9,6.1,6.1,inf,inf,H,G,22
22,-,10,H,H,T,16.804,2.1142857142857143,"(False, 0.0)",V,23,33.0,36.22,36.22,5.68,5.68,30.59,30.59,5.63,5.63,30.54,30.54,3.2417663170086275,-69.5,-41.7,2.409704520362184,0.2323943661971831,23.8,23.8,13.7,13.7,26.6,26.6,15.3,15.3,27.6,27.6,H,V,23
23,-,10,H,H,T,16.804,2.057142857142857,"(False, 0.0)",L,24,8.0,11.81,11.81,0.29,0.29,11.81,11.81,0.0,0.0,11.51,11.51,1.9997516691065351,-108.2,46.4,2.4476009852172957,0.04878048780487805,6.6,6.6,0.7,0.7,8.3,8.3,0.0,0.0,8.2,8.2,T,L,24
24,-,5,H,H,T,18.018,2.3285714285714287,"(False, 0.0)",L,25,0.0,0.0,0.0,0.0,0.0,0.0,0.0,0.0,0.0,0.0,0.0,4.397754156249846,-79.7,-44.0,5.019509923019978,0.0,0.0,0.0,0.0,0.0,0.0,0.0,0.0,0.0,0.0,0.0,H,L,25
25,-,5,H,H,T,17.983999999999998,1.885714285714286,"(False, 0.0)",M,26,20.0,18.62,18.62,0.39,0.39,16.76,16.76,1.86,1.86,18.24,18.24,2.357440654161805,-63.1,-40.6,2.206743420179254,0.10638297872340426,9.6,9.6,0.9,0.9,14.3,14.3,2.5,2.5,12.1,12.1,H,M,26
26,-,5,H,H,T,16.268,1.557142857142857,"(False, 0.0)",S,27,4.0,3.13,3.13,0.38,0.38,1.14,1.14,1.99,1.99,2.75,2.75,3.1455769964143836,-58.6,-43.4,2.961908376002587,0.030769230769230767,2.6,2.6,0.9,0.9,2.4,2.4,2.8,2.8,3.7,3.7,H,S,27
27,-,20,H,H,T,15.238,1.2714285714285711,"(False, 0.0)",L,28,8.0,7.96,7.96,3.76,3.76,4.34,4.34,3.62,3.62,4.2,4.2,2.204175009306027,-62.5,-31.9,2.5190174119377557,0.04878048780487805,4.4,4.4,9.4,9.4,3.1,3.1,9.7,9.7,3.0,3.0,H,L,28
28,-,25,H,H,T,14.288,0.6142857142857141,"(False, 0.0)",N,29,17.0,18.71,18.71,0.0,0.0,4.31,4.31,14.4,14.4,18.71,18.71,3.181962124520684,-60.7,-43.0,2.4285300010795696,0.10828025477707008,12.9,12.9,0.0,0.0,10.4,10.4,13.9,13.9,18.1,18.1,H,N,29
29,-,20,H,H,T,14.288,0.8857142857142856,"(False, 0.0)",M,30,15.0,15.17,15.17,0.16,0.16,8.84,8.84,6.33,6.33,15.01,15.01,2.673656881712418,-62.6,-36.6,2.845182472442957,0.0797872340425532,7.9,7.9,0.4,0.4,7.5,7.5,8.4,8.4,9.9,9.9,H,M,30
30,e,30,H,H,T,14.288,0.49999999999999994,"(False, 0.0)",A,31,8.0,11.49,11.49,2.16,2.16,9.53,9.53,1.96,1.96,9.33,9.33,2.669106797026592,-69.7,-47.0,2.170453652709732,0.07547169811320754,10.6,10.6,4.9,4.9,13.4,13.4,5.2,5.2,14.4,14.4,H,A,31
31,e,30,H,H,T,14.437999999999999,-0.14285714285714302,"(False, 0.0)",S,32,24.0,23.48,23.48,10.63,10.63,7.93,7.93,15.54,15.54,12.85,12.85,1.9998306562638744,-62.1,-60.5,1.7999440237416338,0.18461538461538465,19.8,19.8,24.5,24.5,16.9,16.9,21.8,21.8,17.1,17.1,H,S,32
32,-,0,H,H,T,14.342000000000002,0.8999999999999998,"(False, 0.0)",L,33,14.000000000000002,17.29,17.29,0.25,0.25,17.29,17.29,0.0,0.0,17.04,17.04,2.0000006548709965,-81.9,138.6,2.5428164678820817,0.08536585365853659,9.6,9.6,0.6,0.6,12.1,12.1,0.0,0.0,12.2,12.2,H,L,33
33,-,10,H,H,T,16.321999999999996,0.5,"(False, 0.0)",E,34,13.999999999999998,11.68,11.68,0.04,0.04,1.23,1.23,10.46,10.46,11.64,11.64,3.651576714949504,74.0,-10.6,2.3538264012953998,0.07216494845360824,6.7,6.7,0.1,0.1,2.4,2.4,8.5,8.5,8.8,8.8,H,E,34
34,e,50,H,H,O,18.761999999999997,-0.2571428571428572,"(False, 0.0)",T,35,45.0,49.59,49.59,18.28,18.28,31.61,31.61,17.98,17.98,31.31,31.31,1.999486534876521,-73.2,-39.4,2.0514162012871355,0.31690140845070425,35.3,35.3,43.6,43.6,42.5,42.5,27.2,27.2,31.7,31.7,H,T,35
35,e,35,H,H,O,17.371999999999996,-0.24285714285714288,"(False, 0.0)",L,36,140.0,145.98,145.98,38.19,38.19,116.05,116.05,29.93,29.93,107.79,107.79,1.2141665354259858,-69.1,-46.0,1.1679461222750127,0.8536585365853658,81.3,81.3,96.0,96.0,81.5,81.5,80.5,80.5,77.1,77.1,S,L,36
36,-,10,H,H,O,17.811999999999998,-1.285714285714286,"(False, 0.0)",W,37,170.0,171.43,171.43,7.31,7.31,144.45,144.45,26.98,26.98,164.12,164.12,1.9998720218959636,-85.2,162.3,1.8138721263026203,0.748898678414097,68.8,68.8,17.2,17.2,77.0,77.0,43.8,43.8,79.4,79.4,S,W,37
37,e,45,C,T,O,17.222,-0.5285714285714286,"(False, 0.0)",Q,38,194.0,182.31,182.31,28.03,28.03,66.7,66.7,115.61,115.61,154.28,154.28,1.9996704936160812,-64.8,-17.4,1.752853708119703,0.9797979797979798,101.9,101.9,66.7,66.7,142.0,142.0,87.7,87.7,112.8,112.8,T,Q,38
38,-,20,C,C,O,15.241999999999999,-0.17142857142857143,"(False, 0.0)",T,39,45.0,42.74,42.74,21.26,21.26,11.71,11.71,31.03,31.03,21.48,21.48,1.9993585820462092,-47.6,-50.9,1.8681955308162717,0.31690140845070425,30.4,30.4,50.7,50.7,15.7,15.7,46.9,46.9,21.8,21.8,T,T,39
39,e,40,C,C,O,13.207999999999998,-0.7714285714285715,"(False, 0.0)",N,40,43.0,43.6,43.6,15.15,15.15,1.65,1.65,41.95,41.95,28.45,28.45,1.9995005041360612,-77.0,111.2,1.8966978949543989,0.2738853503184713,30.1,30.1,36.5,36.5,4.0,4.0,40.6,40.6,27.5,27.5,-,N,40
40,-,25,H,H,O,10.998,-0.0428571428571428,"(False, 0.0)",A,41,81.0,82.29,82.29,29.69,29.69,62.68,62.68,19.62,19.62,52.6,52.6,1.9996665913169165,-78.5,-47.0,1.7676312012900628,0.7641509433962265,75.7,75.7,67.5,67.5,88.3,88.3,52.0,52.0,81.2,81.2,S,A,41
41,-,25,H,H,O,12.158,0.3428571428571429,"(False, 0.0)",A,42,13.0,12.63,12.63,8.32,8.32,11.63,11.63,1.0,1.0,4.3,4.3,1.9996094416539405,140.5,-2.6,1.8264502858800105,0.12264150943396225,11.6,11.6,18.9,18.9,16.4,16.4,2.6,2.6,6.6,6.6,S,A,42
42,-,20,H,H,O,11.488,1.0857142857142856,"(False, 0.0)",G,43,32.0,28.8,28.8,28.8,28.8,28.41,28.41,0.39,0.39,0.0,0.0,1.9993774859285147,-69.3,-32.6,1.8071377666843045,0.3809523809523809,35.5,35.5,35.5,35.5,78.0,78.0,0.9,0.9,inf,inf,-,G,43
43,-,0,H,H,T,13.468,2.185714285714286,"(False, 0.0)",V,44,20.0,21.01,21.01,4.93,4.93,18.1,18.1,2.91,2.91,16.08,16.08,1.9996586171564172,-55.5,-33.6,2.322283261497564,0.14084507042253522,13.8,13.8,11.9,11.9,15.7,15.7,7.9,7.9,14.6,14.6,H,V,44
44,-,0,H,H,T,15.482,2.5714285714285707,"(False, 0.0)",S,45,2.0,1.49,1.49,0.0,0.0,1.49,1.49,0.0,0.0,1.49,1.49,2.5422350874678243,-56.6,-40.5,2.9585179917091073,0.015384615384615384,1.3,1.3,0.0,0.0,3.2,3.2,0.0,0.0,2.0,2.0,H,S,45
45,-,5,H,H,T,19.082,2.1999999999999997,"(False, 0.0)",I,46,52.0,53.34,53.34,0.0,0.0,53.34,53.34,0.0,0.0,53.34,53.34,3.211229594449846,-63.7,-39.2,2.613746662469812,0.3076923076923077,30.4,30.4,0.0,0.0,38.4,38.4,0.0,0.0,39.7,39.7,H,I,46
46,-,0,H,H,T,16.662,2.142857142857143,"(False, 0.0)",V,47,13.999999999999998,14.24,14.24,0.0,0.0,14.24,14.24,0.0,0.0,14.24,14.24,3.7607072712977017,-60.6,-46.7,3.0260130966052214,0.09859154929577464,9.4,9.4,0.0,0.0,12.4,12.4,0.0,0.0,12.9,12.9,H,V,47
47,-,0,H,H,T,16.662,2.085714285714286,"(False, 0.0)",I,48,17.0,17.1,17.1,1.26,1.26,15.84,15.84,1.26,1.26,15.84,15.84,3.1733638427625017,-62.2,-38.5,2.5121395065475607,0.10059171597633136,9.7,9.7,3.0,3.0,11.4,11.4,3.4,3.4,11.8,11.8,H,I,48
48,-,5,H,H,T,16.662,2.142857142857143,"(False, 0.0)",S,49,4.0,3.48,3.48,2.96,2.96,1.66,1.66,1.82,1.82,0.51,0.51,1.999850333219502,-57.1,-15.6,2.1202917527156706,0.030769230769230767,2.9,2.9,6.8,6.8,3.5,3.5,2.5,2.5,0.7,0.7,H,S,49
49,-,5,H,H,T,13.028,2.142857142857143,"(False, 0.0)",S,50,0.0,0.0,0.0,0.0,0.0,0.0,0.0,0.0,0.0,0.0,0.0,2.3943694505930826,-61.9,-41.0,2.9822767367257,0.0,0.0,0.0,0.0,0.0,0.0,0.0,0.0,0.0,0.0,0.0,H,S,50
50,-,20,H,H,T,13.027999999999997,1.4857142857142855,"(False, 0.0)",L,51,8.0,7.51,7.51,0.0,0.0,7.51,7.51,0.0,0.0,7.51,7.51,2.6920392665231416,-57.9,-45.3,2.3741519680023253,0.04878048780487805,4.2,4.2,0.0,0.0,5.3,5.3,0.0,0.0,5.4,5.4,H,L,51
51,-,15,H,H,T,11.814,0.20000000000000012,"(False, 0.0)",G,52,5.0,4.91,4.91,4.91,4.91,2.45,2.45,2.46,2.46,0.0,0.0,1.9997328797133875,-66.0,-42.6,2.0203763628083014,0.05952380952380953,6.0,6.0,6.0,6.0,6.7,6.7,5.5,5.5,inf,inf,H,G,52
52,-,10,H,H,T,12.776,0.8571428571428571,"(False, 0.0)",I,53,57.0,61.94,61.94,2.8,2.8,60.04,60.04,1.9,1.9,59.14,59.14,1.9995787454888077,-64.9,-44.7,2.2420205382712872,0.3372781065088757,35.2,35.2,6.7,6.7,43.2,43.2,5.2,5.2,44.1,44.1,H,I,53
53,-,5,H,H,T,12.776,0.8571428571428571,"(False, 0.0)",G,54,0.0,0.0,0.0,0.0,0.0,0.0,0.0,0.0,0.0,0.0,0.0,2.8749508697903203,-63.1,-41.0,3.0248133409810456,0.0,0.0,0.0,0.0,0.0,0.0,0.0,0.0,0.0,inf,inf,H,G,54
54,-,20,H,H,T,13.989999999999998,0.9142857142857144,"(False, 0.0)",R,55,57.0,63.32,63.32,0.01,0.01,32.58,32.58,30.74,30.74,63.31,63.31,2.950666358885145,-61.2,-37.0,2.1854346881977755,0.2298387096774193,26.6,26.6,0.0,0.0,44.5,44.5,18.6,18.6,32.3,32.3,H,R,55
55,-,5,H,H,T,14.024000000000001,1.5142857142857145,"(False, 0.0)",L,56,85.0,86.3,86.3,15.32,15.32,78.24,78.24,8.06,8.06,70.98,70.98,1.999736620865094,-61.1,-53.6,1.9953403795668518,0.5182926829268293,48.1,48.1,38.5,38.5,54.9,54.9,21.7,21.7,50.8,50.8,H,L,56
56,-,5,H,H,T,17.624000000000002,1.4142857142857141,"(False, 0.0)",S,57,62.0,55.14,55.14,4.85,4.85,30.13,30.13,25.01,25.01,50.29,50.29,1.9997332980437263,-71.8,-28.5,1.9027904884193,0.476923076923077,46.6,46.6,11.2,11.2,64.2,64.2,35.0,35.0,67.1,67.1,H,S,57
57,-,0,H,H,T,19.047999999999995,1.8714285714285712,"(False, 0.0)",V,58,23.0,25.0,25.0,4.06,4.06,25.0,25.0,0.0,0.0,20.93,20.93,1.999874331721403,-67.4,-40.1,2.1624794987458134,0.1619718309859155,16.4,16.4,9.8,9.8,21.7,21.7,0.0,0.0,19.0,19.0,H,V,58
58,-,5,H,E,T,18.728,2.7714285714285714,"(False, 0.0)",L,59,81.0,83.86,83.86,9.37,9.37,74.84,74.84,9.02,9.02,74.49,74.49,2.0001871947508088,-61.4,-25.8,1.975383273667694,0.4939024390243902,46.7,46.7,23.6,23.6,52.6,52.6,24.3,24.3,53.3,53.3,H,L,59
59,-,10,H,E,T,19.134000000000004,2.1714285714285713,"(False, 0.0)",L,60,149.0,151.79,151.79,37.14,37.14,125.86,125.86,25.93,25.93,114.65,114.65,1.999671573554341,-61.7,-42.5,1.8494478473187168,0.9085365853658536,84.5,84.5,93.4,93.4,88.4,88.4,69.8,69.8,82.0,82.0,H,L,60
60,-,10,H,H,T,15.5,2.8285714285714287,"(False, 0.0)",F,61,122.0,122.03,122.03,1.67,1.67,122.03,122.03,0.0,0.0,120.36,120.36,1.99997650774846,-84.6,-44.0,1.9916705741544467,0.6192893401015228,61.1,61.1,4.3,4.3,74.0,74.0,0.0,0.0,74.5,74.5,H,F,61
61,-,10,C,H,T,15.5,2.7714285714285714,"(False, 0.0)",A,62,3.0,3.54,3.54,1.25,1.25,2.98,2.98,0.56,0.56,2.29,2.29,1.9997792362539342,-60.8,-28.5,2.21062699495558,0.02830188679245283,3.3,3.3,2.8,2.8,4.2,4.2,1.5,1.5,3.5,3.5,H,A,62
62,-,5,C,S,T,15.5,2.1142857142857143,"(False, 0.0)",G,63,41.0,41.01,41.01,41.01,41.01,28.34,28.34,12.67,12.67,0.0,0.0,1.9994393783962283,-54.1,-37.8,1.7621067470313316,0.4880952380952381,50.6,50.6,50.6,50.6,77.8,77.8,28.4,28.4,inf,inf,H,G,63
63,-,30,C,C,T,13.433999999999997,1.0714285714285714,"(False, 0.0)",L,64,108.0,113.31,113.31,1.46,1.46,111.85,111.85,1.46,1.46,111.85,111.85,2.2904391817896763,-73.3,-42.8,1.9058696672834337,0.6585365853658537,63.1,63.1,3.7,3.7,78.6,78.6,3.9,3.9,80.0,80.0,H,L,64
64,-,5,H,H,T,13.469999999999999,0.0285714285714286,"(False, 0.0)",L,65,29.0,32.88,32.88,0.0,0.0,32.88,32.88,0.0,0.0,32.88,32.88,2.657756735520382,-59.3,-48.8,2.6147920869301555,0.17682926829268292,18.3,18.3,0.0,0.0,23.1,23.1,0.0,0.0,23.5,23.5,H,L,65
65,-,10,H,H,T,15.645999999999997,0.17142857142857135,"(False, 0.0)",S,66,7.0,7.34,7.34,2.94,2.94,4.62,4.62,2.72,2.72,4.41,4.41,3.9046815905907537,-62.8,-27.4,2.9510855791970325,0.05384615384615385,6.2,6.2,6.8,6.8,9.8,9.8,3.8,3.8,5.9,5.9,H,S,66
66,-,30,H,H,I,15.325999999999999,0.17142857142857146,"(False, 0.0)",D,67,110.0,97.4,97.4,14.2,14.2,13.38,13.38,84.01,84.01,83.2,83.2,2.0987495827398392,-61.4,-47.7,1.8138670603236091,0.6748466257668712,68.2,68.2,33.6,33.6,31.5,31.5,83.8,83.8,82.8,82.8,H,D,67
67,e,40,H,H,I,11.726,-1.0142857142857145,"(False, 0.0)",R,68,183.0,180.1,180.1,42.57,42.57,47.17,47.17,132.93,132.93,137.52,137.52,1.999490130381821,-72.3,-43.6,1.8119053236336184,0.7379032258064516,75.6,75.6,101.4,101.4,64.5,64.5,80.6,80.6,70.1,70.1,H,R,68
68,-,15,C,T,I,12.687999999999999,-2.2,"(False, 0.0)",F,69,83.0,83.01,83.01,4.39,4.39,81.03,81.03,1.98,1.98,78.62,78.62,2.000095535403818,-80.8,166.9,1.9948182815890756,0.4213197969543147,41.5,41.5,11.4,11.4,49.1,49.1,5.7,5.7,48.7,48.7,S,F,69
69,e,40,C,T,I,13.208000000000002,-2.314285714285714,"(False, 0.0)",G,70,27.000000000000004,27.7,27.7,27.7,27.7,20.72,20.72,6.97,6.97,0.0,0.0,1.9993135009658376,-93.4,133.0,2.240255493955696,0.32142857142857145,34.2,34.2,34.2,34.2,56.9,56.9,15.6,15.6,inf,inf,-,G,70
70,e,40,C,C,I,13.838,-1.4142857142857144,"(False, 0.0)",R,71,2.0,1.75,1.75,0.35,0.35,1.05,1.05,0.7,0.7,1.4,1.4,3.2726994718953186,-61.6,-32.7,4.143509218268767,0.008064516129032258,0.7,0.7,0.8,0.8,1.4,1.4,0.4,0.4,0.7,0.7,H,R,71
71,e,35,H,H,I,13.838,-0.12857142857142861,"(True, 0.9367)",R,72,103.0,99.21,99.21,0.38,0.38,8.62,8.62,90.59,90.59,98.83,98.83,2.588128919093964,-61.5,-49.8,2.2913677696106944,0.4153225806451613,41.7,41.7,0.9,0.9,11.8,11.8,54.9,54.9,50.4,50.4,H,R,72
72,-,30,H,H,T,17.438,-0.2571428571428572,"(False, 0.0)",P,73,46.0,50.47,50.47,2.16,2.16,48.87,48.87,1.6,1.6,48.31,48.31,1.9995455041483596,-78.7,-38.1,2.1032730187543933,0.3382352941176471,36.8,36.8,7.8,7.8,40.3,40.3,9.9,9.9,44.0,44.0,H,P,73
73,-,0,H,H,T,17.832,0.3428571428571428,"(False, 0.0)",F,74,35.0,33.27,33.27,0.4,0.4,32.86,32.86,0.4,0.4,32.86,32.86,3.908115640430677,-64.9,-34.1,2.95101705255697,0.17766497461928935,16.6,16.6,1.1,1.1,19.9,19.9,1.2,1.2,20.4,20.4,H,F,74
74,-,0,H,H,T,19.256,0.9285714285714283,"(False, 0.0)",I,75,1.0,0.68,0.68,0.0,0.0,0.68,0.68,0.0,0.0,0.68,0.68,5.056148936796468,-68.1,-50.9,5.589916195053811,0.005917159763313609,0.4,0.4,0.0,0.0,0.5,0.5,0.0,0.0,0.5,0.5,H,I,75
75,-,0,H,H,T,16.45,1.842857142857143,"(False, 0.0)",M,76,28.0,30.09,30.09,0.0,0.0,20.51,20.51,9.58,9.58,30.09,30.09,2.8539690064937617,-64.3,-37.6,2.3277876023843405,0.14893617021276595,15.6,15.6,0.0,0.0,17.4,17.4,12.7,12.7,19.9,19.9,H,M,76
76,-,5,H,H,T,15.739999999999998,2.4285714285714284,"(False, 0.0)",L,77,88.0,89.65,89.65,5.4,5.4,89.41,89.41,0.24,0.24,84.25,84.25,1.999523226678692,-59.0,-39.5,1.9450907089369296,0.5365853658536586,49.9,49.9,13.6,13.6,62.8,62.8,0.7,0.7,60.3,60.3,H,L,77
77,-,5,H,H,T,14.152000000000001,2.385714285714286,"(False, 0.0)",G,78,1.0,1.34,1.34,1.34,1.34,1.34,1.34,0.0,0.0,0.0,0.0,1.999952764020118,-73.9,-42.6,2.659979312583144,0.011904761904761904,1.7,1.7,1.7,1.7,3.7,3.7,0.0,0.0,inf,inf,H,G,78
78,-,15,H,H,T,13.594,1.5571428571428572,"(False, 0.0)",M,79,0.0,0.33,0.33,0.3,0.3,0.33,0.33,0.0,0.0,0.03,0.03,5.4268268431176665,-64.5,-58.8,5.426246202031526,0.0,0.2,0.2,0.7,0.7,0.3,0.3,0.0,0.0,0.0,0.0,H,M,79
79,-,15,H,H,T,12.919999999999998,1.557142857142857,"(False, 0.0)",C,80,28.0,26.92,26.92,0.87,0.87,2.23,2.23,24.69,24.69,26.05,26.05,2.6050951692231346,-59.9,-36.8,2.2155672268793056,0.2074074074074074,20.4,20.4,2.0,2.0,5.6,5.6,26.6,26.6,29.1,29.1,H,C,80
80,-,15,H,H,T,15.49,1.2714285714285711,"(False, 0.0)",C,81,40.0,38.73,38.73,8.38,8.38,27.5,27.5,11.23,11.23,30.36,30.36,1.999524942510208,-62.2,-42.7,1.9220073935482909,0.2962962962962963,29.3,29.3,19.7,19.7,69.7,69.7,12.1,12.1,33.9,33.9,H,C,81
81,-,20,H,H,T,14.540000000000001,1.7285714285714284,"(False, 0.0)",Y,82,3.0,3.68,3.68,0.14,0.14,1.87,1.87,1.8,1.8,3.54,3.54,4.259101023575554,-68.2,-50.8,5.372738394034299,0.013513513513513514,1.7,1.7,0.4,0.4,1.4,1.4,2.2,2.2,2.0,2.0,H,Y,82
82,-,20,H,H,T,15.808000000000002,1.8571428571428572,"(False, 0.0)",M,83,16.0,16.86,16.86,0.22,0.22,16.86,16.86,0.0,0.0,16.64,16.64,4.8320335691309175,-62.4,-33.4,3.708456618491643,0.0851063829787234,8.7,8.7,0.5,0.5,14.3,14.3,0.0,0.0,11.0,11.0,H,M,83
83,-,20,H,H,T,17.076,1.9000000000000001,"(False, 0.0)",A,84,42.0,43.65,43.65,4.26,4.26,39.51,39.51,4.13,4.13,39.39,39.39,2.1868592363974253,-65.5,-41.5,2.0695734378916875,0.3962264150943397,40.1,40.1,9.7,9.7,55.6,55.6,10.9,10.9,60.8,60.8,H,A,84
84,-,20,H,H,T,17.43,1.4857142857142855,"(False, 0.0)",F,85,79.0,77.54,77.54,5.94,5.94,75.7,75.7,1.84,1.84,71.6,71.6,1.9994684819005943,-60.6,-36.5,1.9428993979268183,0.4010152284263959,38.8,38.8,15.5,15.5,45.9,45.9,5.3,5.3,44.4,44.4,H,F,85
85,-,20,H,H,T,14.86,2.314285714285714,"(False, 0.0)",F,86,6.0,5.01,5.01,0.48,0.48,4.86,4.86,0.15,0.15,4.53,4.53,3.997040354537648,-60.7,-38.8,4.260113362675977,0.030456852791878174,2.5,2.5,1.2,1.2,2.9,2.9,0.4,0.4,2.8,2.8,H,F,86
86,-,20,H,H,T,16.84,2.5857142857142854,"(False, 0.0)",F,87,60.00000000000001,57.86,57.86,4.27,4.27,53.59,53.59,4.27,4.27,53.59,53.59,2.6695384241723383,-54.6,-38.6,2.0165645225861217,0.3045685279187817,28.9,28.9,11.1,11.1,32.5,32.5,12.2,12.2,33.2,33.2,H,F,87
87,-,15,H,H,T,17.160000000000004,1.8285714285714285,"(False, 0.0)",G,88,47.0,47.23,47.23,47.23,47.23,39.8,39.8,7.43,7.43,0.0,0.0,1.9994253510461708,-59.6,-37.6,1.7096650842277592,0.5595238095238095,58.2,58.2,58.2,58.2,109.2,109.2,16.6,16.6,inf,inf,H,G,88
88,-,15,H,H,T,16.089999999999996,1.3285714285714285,"(False, 0.0)",I,89,10.0,11.62,11.62,1.94,1.94,10.63,10.63,0.99,0.99,9.68,9.68,1.9996863892114929,-68.3,-27.8,2.359795068298729,0.059171597633136085,6.6,6.6,4.7,4.7,7.7,7.7,2.7,2.7,7.2,7.2,H,I,89
89,-,20,H,H,T,15.283999999999997,0.4285714285714285,"(False, 0.0)",L,90,23.000000000000004,23.53,23.53,3.9,3.9,20.08,20.08,3.45,3.45,19.63,19.63,2.641949553724304,-47.8,-31.0,2.4725195766327683,0.1402439024390244,13.1,13.1,9.8,9.8,14.1,14.1,9.3,9.3,14.0,14.0,T,L,90
90,-,25,C,H,O,17.168,-0.4714285714285715,"(False, 0.0)",Q,91,157.0,145.15,145.15,17.29,17.29,36.23,36.23,108.91,108.91,127.86,127.86,1.9995478603057752,-76.1,-29.9,1.7912181151768598,0.7929292929292929,81.2,81.2,41.2,41.2,77.1,77.1,82.6,82.6,93.4,93.4,T,Q,91
91,-,20,C,C,O,15.451999999999998,0.22857142857142868,"(False, 0.0)",T,92,26.0,25.4,25.4,9.04,9.04,19.34,19.34,6.06,6.06,16.36,16.36,1.9995156017915845,-102.2,111.2,1.9529214582888983,0.18309859154929575,18.1,18.1,21.5,21.5,26.0,26.0,9.2,9.2,16.6,16.6,-,T,92
92,-,25,C,H,O,15.451999999999998,0.22857142857142865,"(False, 0.0)",N,93,91.0,82.15,82.15,16.69,16.69,8.82,8.82,73.32,73.32,65.45,65.45,1.9995701647785133,-125.2,97.4,1.7221393870285386,0.5796178343949044,56.6,56.6,40.2,40.2,21.2,21.2,70.9,70.9,63.3,63.3,-,N,93
93,-,25,H,H,O,16.842000000000002,0.32857142857142857,"(False, 0.0)",N,94,86.0,76.97,76.97,16.87,16.87,10.45,10.45,66.52,66.52,60.1,60.1,1.9995710214764533,-144.8,175.0,1.7625327533720332,0.5477707006369427,53.1,53.1,40.6,40.6,25.1,25.1,64.3,64.3,58.1,58.1,S,N,94
94,-,20,H,H,T,17.968,1.0857142857142856,"(False, 0.0)",I,95,112.0,114.81,114.81,7.38,7.38,109.88,109.88,4.93,4.93,107.43,107.43,1.9997338430156235,-118.4,99.3,1.9164587609294224,0.6627218934911243,65.3,65.3,17.8,17.8,79.1,79.1,13.4,13.4,80.0,80.0,S,I,95
95,-,15,H,H,T,17.704,1.0,"(False, 0.0)",I,96,85.0,87.63,87.63,0.17,0.17,87.47,87.47,0.17,0.17,87.47,87.47,2.340539516668737,110.4,-3.1,2.041649934802949,0.5029585798816568,49.9,49.9,0.4,0.4,63.0,63.0,0.5,0.5,65.2,65.2,S,I,96
96,-,5,H,H,T,18.746,2.1,"(False, 0.0)",I,97,57.0,60.68,60.68,1.07,1.07,60.68,60.68,0.0,0.0,59.6,59.6,1.999698165582486,-67.8,-34.1,2.3368208518952085,0.3372781065088757,34.5,34.5,2.6,2.6,43.7,43.7,0.0,0.0,44.4,44.4,H,I,97
97,-,0,H,H,T,18.78,3.0,"(False, 0.0)",A,98,24.0,21.46,21.46,1.2,1.2,21.2,21.2,0.25,0.25,20.26,20.26,2.164701264993833,-63.7,-36.6,2.3064443160952512,0.22641509433962265,19.7,19.7,2.7,2.7,29.9,29.9,0.7,0.7,31.3,31.3,H,A,98
98,-,10,H,H,T,18.46,2.3,"(False, 0.0)",Y,99,54.0,47.66,47.66,0.0,0.0,28.03,28.03,19.63,19.63,47.66,47.66,4.257095031638204,-58.4,-47.7,2.5369893757108315,0.2432432432432433,22.3,22.3,0.0,0.0,21.1,21.1,24.2,24.2,27.1,27.1,H,Y,99
99,-,0,H,H,T,14.86,2.057142857142857,"(False, 0.0)",V,100,72.0,74.46,74.46,1.92,1.92,73.72,73.72,0.74,0.74,72.54,72.54,1.999704632558884,-67.4,-44.7,2.028552452272122,0.5070422535211268,49.0,49.0,4.6,4.6,64.1,64.1,2.0,2.0,65.7,65.7,H,V,100
100,-,5,H,H,T,16.52,1.957142857142857,"(False, 0.0)",F,101,90.0,87.12,87.12,0.0,0.0,87.12,87.12,0.0,0.0,87.12,87.12,2.558089373968154,-67.1,-42.8,2.272383142672736,0.4568527918781726,43.6,43.6,0.0,0.0,52.8,52.8,0.0,0.0,54.0,54.0,H,F,101
101,-,10,H,H,T,17.194,1.957142857142857,"(False, 0.0)",G,102,0.0,0.24,0.24,0.24,0.24,0.13,0.13,0.11,0.11,0.0,0.0,2.3420324733431315,-61.6,-34.0,3.2735215509008286,0.0,0.3,0.3,0.3,0.3,0.4,0.4,0.2,0.2,inf,inf,H,G,102
102,-,5,H,H,T,15.179999999999998,2.085714285714286,"(False, 0.0)",F,103,59.0,58.82,58.82,0.0,0.0,58.82,58.82,0.0,0.0,58.82,58.82,3.277727753187341,-58.9,-39.6,2.490015336929269,0.29949238578680204,29.4,29.4,0.0,0.0,35.7,35.7,0.0,0.0,36.4,36.4,H,F,103
103,-,5,H,H,T,11.9,1.7571428571428573,"(False, 0.0)",L,104,49.0,50.27,50.27,0.06,0.06,50.27,50.27,0.0,0.0,50.21,50.21,3.3782496900297003,-62.8,-38.8,3.0188798506170063,0.29878048780487804,28.0,28.0,0.1,0.1,35.3,35.3,0.0,0.0,35.9,35.9,H,L,104
104,-,5,H,H,T,14.469999999999999,1.6142857142857143,"(False, 0.0)",A,105,4.0,3.25,3.25,0.07,0.07,3.25,3.25,0.0,0.0,3.18,3.18,5.8935623843725775,-56.8,-41.1,5.676522012949805,0.03773584905660377,3.0,3.0,0.2,0.2,4.6,4.6,0.0,0.0,4.9,4.9,H,A,105
105,-,5,H,H,T,12.809999999999999,1.1714285714285713,"(False, 0.0)",G,106,0.0,0.0,0.0,0.0,0.0,0.0,0.0,0.0,0.0,0.0,0.0,5.5135248643953245,-64.1,-43.6,5.234958633236516,0.0,0.0,0.0,0.0,0.0,0.0,0.0,0.0,0.0,inf,inf,H,G,106
106,-,5,H,H,T,11.094,0.6571428571428571,"(False, 0.0)",M,107,73.0,72.67,72.67,0.0,0.0,45.36,45.36,27.3,27.3,72.67,72.67,2.7979252781928388,-62.9,-43.0,2.43572768663318,0.3882978723404255,37.6,37.6,0.0,0.0,38.6,38.6,36.2,36.2,48.1,48.1,H,M,107
107,-,5,H,H,T,10.687999999999999,0.5142857142857142,"(False, 0.0)",A,108,2.0,1.71,1.71,1.48,1.48,1.71,1.71,0.0,0.0,0.23,0.23,1.9995956242583568,-66.1,-39.7,2.5645707536349533,0.018867924528301886,1.6,1.6,3.4,3.4,2.4,2.4,0.0,0.0,0.4,0.4,H,A,108
108,-,15,C,H,T,13.968,0.7999999999999999,"(False, 0.0)",N,109,4.0,6.1,6.1,2.05,2.05,0.0,0.0,6.1,6.1,4.05,4.05,3.22675352591446,-57.4,-31.1,2.4171453590468874,0.025477707006369428,4.2,4.2,4.9,4.9,0.0,0.0,5.9,5.9,3.9,3.9,H,N,109
109,-,5,C,H,T,14.998000000000001,0.35714285714285704,"(False, 0.0)",S,110,6.0,4.62,4.62,4.62,4.62,0.91,0.91,3.7,3.7,0.0,0.0,1.9995826357259008,-59.7,-41.6,2.087956597842084,0.04615384615384616,3.9,3.9,10.6,10.6,1.9,1.9,5.2,5.2,0.0,0.0,H,S,110
110,-,10,C,C,T,15.034,0.34285714285714286,"(False, 0.0)",F,111,58.0,54.51,54.51,3.12,3.12,52.57,52.57,1.94,1.94,51.39,51.39,3.354346596988416,-61.5,-38.4,2.418938090556632,0.29441624365482233,27.3,27.3,8.1,8.1,31.9,31.9,5.6,5.6,31.8,31.8,H,F,111
111,-,10,C,C,T,14.77,0.028571428571428532,"(False, 0.0)",L,112,0.0,0.0,0.0,0.0,0.0,0.0,0.0,0.0,0.0,0.0,0.0,3.475007679219185,-50.8,-46.7,3.779541875825541,0.0,0.0,0.0,0.0,0.0,0.0,0.0,0.0,0.0,0.0,0.0,H,L,112
112,-,15,C,C,I,13.556000000000001,0.42857142857142855,"(False, 0.0)",D,113,33.0,36.44,36.44,0.0,0.0,13.57,13.57,22.87,22.87,36.44,36.44,2.709125587737551,-75.7,-40.9,2.0818162780536418,0.20245398773006132,25.5,25.5,0.0,0.0,31.9,31.9,22.8,22.8,36.3,36.3,H,D,113
113,-,5,C,H,I,12.75,0.35714285714285715,"(False, 0.0)",A,114,19.0,17.99,17.99,1.34,1.34,17.26,17.26,0.73,0.73,16.65,16.65,1.9994926763287588,-61.7,-43.4,2.165698655190339,0.1792452830188679,16.5,16.5,3.0,3.0,24.3,24.3,1.9,1.9,25.7,25.7,H,A,114
114,-,10,C,T,I,12.076,-0.2714285714285714,"(False, 0.0)",G,115,1.0,0.69,0.69,0.69,0.69,0.46,0.46,0.23,0.23,0.0,0.0,4.485862948626516,-62.5,-34.4,4.672533211737228,0.011904761904761904,0.8,0.8,0.8,0.8,1.3,1.3,0.5,0.5,inf,inf,H,G,115
115,-,5,C,H,I,13.225999999999999,-0.9285714285714286,"(False, 0.0)",T,116,1.0,1.55,1.55,0.0,0.0,0.14,0.14,1.41,1.41,1.55,1.55,3.647947457821937,-62.8,-30.3,3.150942223090774,0.007042253521126761,1.1,1.1,0.0,0.0,0.2,0.2,2.1,2.1,1.6,1.6,H,T,116
116,-,10,H,H,I,12.820000000000002,0.11428571428571423,"(False, 0.0)",Y,117,113.0,117.26,117.26,3.0,3.0,83.93,83.93,33.34,33.34,114.26,114.26,1.999411638723274,-69.0,-57.2,1.8547634898202807,0.509009009009009,54.7,54.7,7.8,7.8,63.1,63.1,41.1,41.1,65.0,65.0,H,Y,117
117,-,5,H,H,I,16.419999999999998,0.1285714285714285,"(False, 0.0)",P,118,33.0,35.7,35.7,2.04,2.04,33.65,33.65,2.04,2.04,33.65,33.65,2.155688882999528,-54.1,-27.1,2.028602328955837,0.2426470588235294,26.0,26.0,7.4,7.4,27.8,27.8,12.7,12.7,30.7,30.7,H,P,118
118,-,0,H,H,I,16.516,-0.31428571428571445,"(False, 0.0)",S,119,0.0,0.97,0.97,0.41,0.41,0.7,0.7,0.27,0.27,0.56,0.56,2.6432709022590046,-68.0,-44.9,2.2588169022944333,0.0,0.8,0.8,0.9,0.9,1.5,1.5,0.4,0.4,0.7,0.7,H,S,119
119,-,0,H,H,I,15.624,0.04285714285714283,"(False, 0.0)",L,120,44.0,43.46,43.46,6.35,6.35,38.14,38.14,5.32,5.32,37.11,37.11,1.9997119643853964,-61.0,-30.8,1.9929565624672732,0.2682926829268293,24.2,24.2,16.0,16.0,26.8,26.8,14.3,14.3,26.6,26.6,H,L,120
120,-,0,H,H,I,14.437999999999999,0.6285714285714284,"(False, 0.0)",M,121,111.0,108.43,108.43,8.79,8.79,79.6,79.6,28.83,28.83,99.64,99.64,1.9995731601195357,-63.5,-36.9,1.9365712536304107,0.5904255319148937,56.2,56.2,20.9,20.9,67.7,67.7,38.2,38.2,65.9,65.9,H,M,121
121,-,25,H,H,I,16.504,0.6285714285714284,"(False, 0.0)",E,122,23.0,22.54,22.54,13.56,13.56,12.78,12.78,9.76,9.76,8.99,8.99,1.9995459473377788,-69.2,-14.2,2.0840102326931085,0.11855670103092784,12.9,12.9,32.3,32.3,24.7,24.7,8.0,8.0,6.8,6.8,T,E,122
122,-,15,H,H,I,15.710000000000003,0.09999999999999994,"(False, 0.0)",A,123,35.0,38.5,38.5,20.96,20.96,21.65,21.65,16.85,16.85,17.54,17.54,1.9997781995466768,-66.9,-66.0,1.9200860158584658,0.330188679245283,35.4,35.4,47.7,47.7,30.5,30.5,44.6,44.6,27.1,27.1,T,A,123
123,-,10,C,C,I,15.315999999999999,-0.5571428571428572,"(False, 0.0)",F,124,45.0,41.56,41.56,2.74,2.74,39.67,39.67,1.89,1.89,38.82,38.82,2.6310643585638758,165.0,135.0,1.9226964577050465,0.2284263959390863,20.8,20.8,7.1,7.1,24.1,24.1,5.4,5.4,24.0,24.0,-,F,124
124,e,50,C,T,I,14.495999999999999,-1.0571428571428572,"(False, 0.0)",P,125,17.0,17.07,17.07,8.45,8.45,16.86,16.86,0.2,0.2,8.61,8.61,1.9998075678689744,-75.0,148.4,2.039598501041348,0.125,12.4,12.4,30.7,30.7,13.9,13.9,1.3,1.3,7.9,7.9,T,P,125
125,e,55,C,T,I,15.681999999999999,-0.6142857142857144,"(False, 0.0)",R,126,189.0,184.04,184.04,28.73,28.73,60.43,60.43,123.61,123.61,155.31,155.31,1.9997345912016544,68.8,9.3,1.8068463624172837,0.7620967741935484,77.3,77.3,68.4,68.4,82.6,82.6,74.9,74.9,79.2,79.2,T,R,126
126,e,45,C,C,I,12.402,-0.9714285714285714,"(False, 0.0)",S,127,61.0,57.5,57.5,16.62,16.62,42.09,42.09,15.41,15.41,40.88,40.88,1.999969132734724,-126.0,26.1,1.8526125319083373,0.4692307692307692,48.6,48.6,38.3,38.3,89.6,89.6,21.6,21.6,54.6,54.6,-,S,127
127,e,40,C,H,I,12.07,-1.1142857142857143,"(False, 0.0)",P,128,71.0,72.12,72.12,1.66,1.66,71.93,71.93,0.19,0.19,70.46,70.46,1.999779226478592,-68.8,18.3,1.9573556692979852,0.5220588235294118,52.6,52.6,6.0,6.0,59.4,59.4,1.2,1.2,64.2,64.2,T,P,128
128,-,20,H,H,I,11.514,-1.385714285714286,"(False, 0.0)",G,129,50.0,47.94,47.94,47.94,47.94,40.54,40.54,7.4,7.4,0.0,0.0,1.9995501165398324,-51.6,-18.8,1.7094860070447844,0.5952380952380952,59.1,59.1,59.1,59.1,111.3,111.3,16.6,16.6,inf,inf,T,G,129
129,-,20,H,H,I,12.184000000000001,-0.09999999999999994,"(False, 0.0)",T,130,65.0,65.53,65.53,12.24,12.24,61.44,61.44,4.09,4.09,53.29,53.29,1.999445824594171,-54.2,-30.3,1.8970171889110536,0.4577464788732394,46.6,46.6,29.2,29.2,82.5,82.5,6.2,6.2,54.0,54.0,H,T,130
130,-,0,H,H,I,12.978,0.5571428571428569,"(False, 0.0)",A,131,34.0,32.59,32.59,0.35,0.35,32.3,32.3,0.3,0.3,32.24,32.24,2.556942217588364,-62.4,-33.4,2.1191318666420145,0.3207547169811321,30.0,30.0,0.8,0.8,45.5,45.5,0.8,0.8,49.8,49.8,H,A,131
131,-,10,H,H,I,16.577999999999996,1.4285714285714286,"(False, 0.0)",N,132,102.0,96.92,96.92,11.81,11.81,29.54,29.54,67.38,67.38,85.11,85.11,1.999915719980229,-51.5,-49.2,1.7769907963079663,0.6496815286624203,66.8,66.8,28.4,28.4,71.1,71.1,65.1,65.1,82.2,82.2,H,N,132
132,-,0,H,H,T,17.704,0.9285714285714286,"(False, 0.0)",I,133,104.0,109.47,109.47,5.16,5.16,108.91,108.91,0.57,0.57,104.31,104.31,1.9998057279665744,-69.5,-40.9,1.9151282441036972,0.6153846153846154,62.3,62.3,12.4,12.4,78.4,78.4,1.5,1.5,77.7,77.7,H,I,133
133,-,0,H,H,T,18.546,1.2857142857142858,"(False, 0.0)",L,134,13.0,12.99,12.99,0.0,0.0,12.99,12.99,0.0,0.0,12.99,12.99,2.524298627098876,-62.1,-49.4,2.5006851226762565,0.07926829268292683,7.2,7.2,0.0,0.0,9.1,9.1,0.0,0.0,9.3,9.3,H,L,134
134,-,0,H,H,T,18.282,1.4285714285714286,"(False, 0.0)",I,135,95.0,99.29,99.29,1.96,1.96,97.64,97.64,1.64,1.64,97.33,97.33,2.329651547852965,-67.2,-46.8,2.0848211453549186,0.5621301775147929,56.5,56.5,4.7,4.7,70.3,70.3,4.5,4.5,72.5,72.5,H,I,135
135,-,15,H,H,T,17.962,2.5285714285714285,"(False, 0.0)",K,136,53.0,51.86,51.86,12.99,12.99,44.91,44.91,6.95,6.95,38.87,38.87,1.9996451408872888,-63.5,-49.9,1.9779610617699752,0.2585365853658537,25.3,25.3,30.9,30.9,40.4,40.4,7.4,7.4,23.8,23.8,H,K,136
136,-,0,H,H,T,17.996000000000002,1.7714285714285716,"(False, 0.0)",A,137,16.0,16.16,16.16,1.29,1.29,16.16,16.16,0.0,0.0,14.87,14.87,1.9998501320687807,-73.6,-39.2,2.4248198177012883,0.1509433962264151,14.9,14.9,2.9,2.9,22.8,22.8,0.0,0.0,23.0,23.0,H,A,137
137,-,0,H,H,T,15.61,1.1142857142857143,"(False, 0.0)",F,138,20.0,23.27,23.27,0.0,0.0,23.27,23.27,0.0,0.0,23.27,23.27,3.5562679828691977,-55.9,-50.4,2.972624559925677,0.10152284263959392,11.6,11.6,0.0,0.0,14.1,14.1,0.0,0.0,14.4,14.4,H,F,138
138,-,10,H,H,T,14.362,0.4142857142857143,"(False, 0.0)",V,139,32.0,39.91,39.91,0.1,0.1,39.81,39.81,0.1,0.1,39.81,39.81,2.7112464158508933,-64.8,-41.1,2.338319027403821,0.22535211267605634,26.3,26.3,0.2,0.2,34.6,34.6,0.3,0.3,36.0,36.0,H,V,139
139,-,5,H,H,T,12.741999999999999,0.47142857142857153,"(False, 0.0)",S,140,0.0,0.62,0.62,0.24,0.24,0.59,0.59,0.03,0.03,0.38,0.38,2.0001721688475613,-73.4,-48.1,2.3654676780638884,0.0,0.5,0.5,0.6,0.6,1.3,1.3,0.0,0.0,0.5,0.5,H,S,140
140,-,0,H,H,T,11.672,0.6142857142857142,"(False, 0.0)",S,141,37.0,37.89,37.89,16.37,16.37,29.76,29.76,8.13,8.13,21.52,21.52,1.9994669223576509,-56.9,-44.5,1.9620561795908775,0.2846153846153846,32.0,32.0,37.7,37.7,63.4,63.4,11.4,11.4,28.7,28.7,H,S,141
141,-,0,H,H,T,11.318000000000001,0.7571428571428571,"(False, 0.0)",G,142,3.0,2.75,2.75,2.75,2.75,2.75,2.75,0.0,0.0,0.0,0.0,1.9995009218045336,-77.4,-45.9,2.552117636670877,0.03571428571428571,3.4,3.4,3.4,3.4,7.5,7.5,0.0,0.0,inf,inf,H,G,142
142,-,5,H,H,T,13.703999999999999,0.7000000000000001,"(False, 0.0)",Q,143,25.0,25.23,25.23,1.2,1.2,0.57,0.57,24.66,24.66,24.03,24.03,4.208057395078589,-66.9,-29.9,3.1511680378023565,0.12626262626262627,14.1,14.1,2.9,2.9,1.2,1.2,18.7,18.7,17.6,17.6,H,Q,143
143,-,5,H,H,T,16.089999999999996,0.5857142857142856,"(False, 0.0)",F,144,50.0,50.61,50.61,0.0,0.0,50.61,50.61,0.0,0.0,50.61,50.61,3.8100088986911333,-64.2,-39.9,2.8188289204133365,0.2538071065989848,25.3,25.3,0.0,0.0,30.7,30.7,0.0,0.0,31.3,31.3,T,F,144
144,-,5,H,H,T,18.895999999999997,1.2428571428571427,"(False, 0.0)",L,145,60.0,58.03,58.03,0.0,0.0,58.03,58.03,0.0,0.0,58.03,58.03,2.7035563035989396,-69.0,-36.4,2.5794822172874445,0.36585365853658536,32.3,32.3,0.0,0.0,40.8,40.8,0.0,0.0,41.5,41.5,T,L,145
145,-,5,H,H,T,20.286,1.9428571428571426,"(False, 0.0)",L,146,1.0,0.48,0.48,0.0,0.0,0.48,0.48,0.0,0.0,0.48,0.48,4.326176489372209,-54.3,-52.7,5.135123491435097,0.006097560975609756,0.3,0.3,0.0,0.0,0.3,0.3,0.0,0.0,0.3,0.3,H,L,146
146,-,5,H,H,T,20.606,3.085714285714286,"(False, 0.0)",P,147,1.0,0.5,0.5,0.0,0.0,0.5,0.5,0.0,0.0,0.5,0.5,4.0821778837225215,-58.2,-29.2,4.762469978591172,0.007352941176470587,0.4,0.4,0.0,0.0,0.4,0.4,0.0,0.0,0.5,0.5,H,P,147
147,-,5,H,H,T,20.606,2.5714285714285716,"(False, 0.0)",L,148,66.0,67.47,67.47,0.09,0.09,67.47,67.47,0.0,0.0,67.38,67.38,3.475850869231468,-64.8,-45.6,2.9098043144280306,0.4024390243902439,37.6,37.6,0.2,0.2,47.4,47.4,0.0,0.0,48.2,48.2,H,L,148
148,-,5,H,H,T,18.22,2.5714285714285716,"(False, 0.0)",I,149,20.0,17.18,17.18,0.0,0.0,17.18,17.18,0.0,0.0,17.18,17.18,2.368374989598301,-66.1,-44.5,3.085197946292224,0.11834319526627217,9.8,9.8,0.0,0.0,12.4,12.4,0.0,0.0,12.8,12.8,H,I,149
149,-,0,H,H,T,19.014,2.5714285714285716,"(False, 0.0)",I,150,3.0,3.57,3.57,0.0,0.0,3.57,3.57,0.0,0.0,3.57,3.57,4.258545426946437,-62.2,-39.7,3.4010717428804433,0.017751479289940832,2.0,2.0,0.0,0.0,2.6,2.6,0.0,0.0,2.7,2.7,H,I,150
150,-,5,H,H,T,19.014,3.4,"(False, 0.0)",S,151,18.0,21.88,21.88,2.14,2.14,2.39,2.39,19.49,19.49,19.74,19.74,2.8074193362624933,-56.8,-44.0,2.3407818658304955,0.13846153846153847,18.5,18.5,4.9,4.9,5.1,5.1,27.3,27.3,26.3,26.3,H,S,151
151,-,5,H,H,T,19.048000000000002,2.728571428571428,"(False, 0.0)",L,152,98.0,99.87,99.87,6.02,6.02,93.99,93.99,5.88,5.88,93.85,93.85,2.1606729251524732,-71.2,-42.2,2.0071597673135098,0.5975609756097561,55.6,55.6,15.1,15.1,66.0,66.0,15.8,15.8,67.1,67.1,H,L,152
152,-,10,H,H,T,19.101999999999997,2.3428571428571425,"(False, 0.0)",L,153,29.0,30.31,30.31,0.28,0.28,30.31,30.31,0.0,0.0,30.03,30.03,1.9996283811282936,-65.0,-16.3,2.462156735029036,0.17682926829268292,16.9,16.9,0.7,0.7,21.3,21.3,0.0,0.0,21.5,21.5,H,L,153
153,-,15,H,H,T,19.508,1.1999999999999997,"(False, 0.0)",V,154,19.0,21.31,21.31,2.32,2.32,19.02,19.02,2.29,2.29,18.99,18.99,2.5002250275924185,-59.5,-41.9,2.215292845776003,0.13380281690140844,14.0,14.0,5.6,5.6,16.5,16.5,6.2,6.2,17.2,17.2,H,V,154
154,-,20,H,H,T,17.942,1.857142857142857,"(False, 0.0)",W,155,208.0,199.31,199.31,15.35,15.35,166.11,166.11,33.2,33.2,183.96,183.96,1.999598557649624,-61.5,-56.1,1.8150342085197173,0.9162995594713657,80.0,80.0,36.0,36.0,88.6,88.6,53.9,53.9,89.0,89.0,H,W,155
155,-,25,C,T,O,17.942,1.1857142857142857,"(False, 0.0)",A,156,80.0,84.74,84.74,39.62,39.62,57.21,57.21,27.53,27.53,45.12,45.12,1.9995990312478007,-67.6,-50.4,1.7920997340016886,0.7547169811320755,77.9,77.9,90.1,90.1,80.6,80.6,72.9,72.9,69.6,69.6,H,A,156
156,e,30,C,T,O,17.962,1.042857142857143,"(False, 0.0)",E,157,74.0,67.27,67.27,6.46,6.46,9.38,9.38,57.88,57.88,60.81,60.81,1.999779504782968,-84.7,33.7,1.7782144948360683,0.38144329896907214,38.6,38.6,15.4,15.4,18.2,18.2,47.3,47.3,46.0,46.0,T,E,157
157,-,20,C,C,O,17.588,0.3857142857142856,"(False, 0.0)",L,158,129.0,133.49,133.49,7.96,7.96,125.66,125.66,7.83,7.83,125.53,125.53,1.999692966197955,-28.7,-42.0,1.8221082351421631,0.7865853658536586,74.3,74.3,20.0,20.0,88.2,88.2,21.1,21.1,89.8,89.8,-,L,158
158,-,25,C,C,T,15.968,0.3857142857142857,"(False, 0.0)",W,159,177.0,179.87,179.87,7.28,7.28,162.32,162.32,17.55,17.55,172.59,172.59,1.9996446162147847,-63.7,127.7,1.9251286863891681,0.7797356828193832,72.2,72.2,17.1,17.1,86.5,86.5,28.5,28.5,83.5,83.5,-,W,159
159,-,20,H,H,T,17.588,0.014285714285714235,"(False, 0.0)",F,160,137.0,135.25,135.25,3.15,3.15,132.9,132.9,2.35,2.35,132.1,132.1,2.3917827295995964,-73.4,-45.2,2.0662594446957887,0.6954314720812182,67.7,67.7,8.2,8.2,80.6,80.6,6.7,6.7,81.8,81.8,S,F,160
160,-,20,H,H,T,15.202000000000002,0.914285714285714,"(False, 0.0)",G,161,20.0,19.64,19.64,19.64,19.64,14.32,14.32,5.31,5.31,0.0,0.0,1.9993303322814089,-56.0,-37.6,2.4828560035632825,0.2380952380952381,24.2,24.2,24.2,24.2,39.3,39.3,11.9,11.9,inf,inf,T,G,161
161,-,10,H,H,T,14.828,0.6428571428571427,"(False, 0.0)",W,162,67.0,67.6,67.6,3.65,3.65,63.96,63.96,3.65,3.65,63.96,63.96,3.4270645182090727,-141.4,86.3,2.348742747362035,0.29515418502202645,27.1,27.1,8.6,8.6,34.1,34.1,5.9,5.9,31.0,31.0,T,W,162
162,-,10,H,H,T,14.118,1.4142857142857144,"(False, 0.0)",S,163,3.0,2.36,2.36,1.95,1.95,2.18,2.18,0.17,0.17,0.41,0.41,1.9994093344401789,-121.4,24.8,2.4636235912304745,0.02307692307692308,2.0,2.0,4.5,4.5,4.6,4.6,0.2,0.2,0.5,0.5,-,S,163
163,-,5,H,H,T,17.717999999999996,1.2714285714285711,"(False, 0.0)",F,164,1.0,1.01,1.01,0.0,0.0,1.01,1.01,0.0,0.0,1.01,1.01,4.835452708180621,-70.6,-15.5,3.9179394778532455,0.005076142131979695,0.5,0.5,0.0,0.0,0.6,0.6,0.0,0.0,0.6,0.6,T,F,164
164,-,10,H,H,T,15.684000000000001,1.5857142857142856,"(False, 0.0)",M,165,63.0,67.04,67.04,0.0,0.0,49.32,49.32,17.72,17.72,67.04,67.04,3.4420026746872066,-59.4,-48.3,2.7216163078152507,0.3351063829787234,34.7,34.7,0.0,0.0,41.9,41.9,23.5,23.5,44.4,44.4,H,M,165
165,-,5,H,H,T,16.089999999999996,1.657142857142857,"(False, 0.0)",I,166,31.0,29.28,29.28,0.37,0.37,29.28,29.28,0.0,0.0,28.91,28.91,1.9997012074962452,-62.6,-38.1,2.461608713835705,0.1834319526627219,16.7,16.7,0.9,0.9,21.1,21.1,0.0,0.0,21.5,21.5,H,I,166
166,-,10,H,H,T,12.809999999999999,2.4142857142857146,"(False, 0.0)",A,167,1.0,0.4,0.4,0.39,0.39,0.4,0.4,0.0,0.0,0.02,0.02,4.489372914801377,-59.3,-42.2,4.1436213033847835,0.009433962264150943,0.4,0.4,0.9,0.9,0.6,0.6,0.0,0.0,0.0,0.0,H,A,167
167,-,10,H,H,T,13.839999999999998,2.2857142857142856,"(False, 0.0)",A,168,0.0,0.23,0.23,0.0,0.0,0.23,0.23,0.0,0.0,0.23,0.23,4.737275220662048,-60.4,-35.1,4.195160838642602,0.0,0.2,0.2,0.0,0.0,0.3,0.3,0.0,0.0,0.4,0.4,H,A,168
168,-,10,H,H,T,12.809999999999999,2.4142857142857146,"(False, 0.0)",G,169,33.0,31.84,31.84,31.84,31.84,17.1,17.1,14.74,14.74,0.0,0.0,1.9996974813818484,-56.2,-43.5,1.9455112975223432,0.3928571428571429,39.3,39.3,39.3,39.3,46.9,46.9,33.0,33.0,inf,inf,H,G,169
169,-,10,H,H,T,14.469999999999999,2.414285714285714,"(False, 0.0)",I,170,81.0,80.59,80.59,6.11,6.11,79.87,79.87,0.72,0.72,74.48,74.48,1.9995046653360782,-67.5,-35.6,2.1191660487848463,0.4792899408284024,45.9,45.9,14.7,14.7,57.5,57.5,1.9,1.9,55.5,55.5,H,I,170
170,-,10,H,H,T,16.45,1.657142857142857,"(False, 0.0)",M,171,2.0,1.41,1.41,0.79,0.79,1.27,1.27,0.14,0.14,0.62,0.62,1.9999450287425802,-54.3,-43.1,2.9924845064465995,0.010638297872340424,0.7,0.7,1.9,1.9,1.1,1.1,0.2,0.2,0.4,0.4,H,M,171
171,-,10,H,H,T,18.334,1.6571428571428573,"(False, 0.0)",F,172,85.0,82.51,82.51,0.0,0.0,82.51,82.51,0.0,0.0,82.51,82.51,2.8017346958176472,-57.8,-40.4,2.2152870693809152,0.4314720812182741,41.3,41.3,0.0,0.0,50.0,50.0,0.0,0.0,51.1,51.1,H,F,172
172,-,10,H,H,T,16.354000000000003,2.257142857142857,"(False, 0.0)",I,173,99.0,101.44,101.44,0.78,0.78,101.2,101.2,0.24,0.24,100.66,100.66,2.0001194955377337,-61.8,-42.7,2.1046520111845566,0.5857988165680473,57.7,57.7,1.9,1.9,72.9,72.9,0.7,0.7,75.0,75.0,H,I,173
173,-,10,H,H,T,17.383999999999997,2.014285714285714,"(False, 0.0)",N,174,34.0,29.81,29.81,2.07,2.07,12.15,12.15,17.66,17.66,27.75,27.75,1.9996074834789792,-61.8,-35.8,2.146742580300223,0.21656050955414013,20.6,20.6,5.0,5.0,29.2,29.2,17.1,17.1,26.8,26.8,H,N,174
174,-,5,H,H,T,17.384,2.2857142857142856,"(False, 0.0)",A,175,0.0,0.0,0.0,0.0,0.0,0.0,0.0,0.0,0.0,0.0,0.0,5.3610515991930505,-56.7,-38.5,4.480511532439798,0.0,0.0,0.0,0.0,0.0,0.0,0.0,0.0,0.0,0.0,0.0,H,A,175
175,-,5,H,H,T,17.383999999999997,1.6999999999999997,"(False, 0.0)",L,176,87.0,88.26,88.26,0.0,0.0,88.26,88.26,0.0,0.0,88.26,88.26,2.446443661633518,-64.1,-46.7,2.3375070684051407,0.5304878048780488,49.2,49.2,0.0,0.0,62.0,62.0,0.0,0.0,63.1,63.1,H,L,176
176,-,10,H,H,T,18.426,0.4142857142857142,"(False, 0.0)",F,177,76.0,76.58,76.58,2.37,2.37,76.41,76.41,0.16,0.16,74.2,74.2,1.999426523149724,-60.1,-33.9,2.075185771689858,0.3857868020304568,38.3,38.3,6.2,6.2,46.3,46.3,0.5,0.5,46.0,46.0,H,F,177
177,-,5,H,H,T,18.982,1.2714285714285711,"(False, 0.0)",L,178,0.0,0.09,0.09,0.09,0.09,0.02,0.02,0.07,0.07,0.0,0.0,5.005022468919703,-59.0,-48.4,4.858382509044802,0.0,0.0,0.0,0.2,0.2,0.0,0.0,0.2,0.2,0.0,0.0,H,L,178
178,-,15,H,H,T,17.394,0.914285714285714,"(False, 0.0)",Y,179,86.0,81.14,81.14,0.31,0.31,56.92,56.92,24.21,24.21,80.83,80.83,3.4308649876769906,-61.9,-29.2,2.1481244321328625,0.38738738738738737,37.9,37.9,0.8,0.8,42.8,42.8,29.8,29.8,46.0,46.0,H,Y,179
179,-,20,H,E,T,16.588,0.7714285714285712,"(False, 0.0)",R,180,167.0,161.57,161.57,23.84,23.84,44.22,44.22,117.35,117.35,137.73,137.73,1.999541008408885,-56.3,-28.5,1.8892624493876509,0.6733870967741935,67.8,67.8,56.8,56.8,60.4,60.4,71.1,71.1,70.2,70.2,T,R,180
180,-,20,C,C,T,16.268,0.14285714285714274,"(False, 0.0)",C,181,23.0,22.44,22.44,17.45,17.45,5.35,5.35,17.1,17.1,4.99,4.99,1.9993186117489778,-65.9,-66.5,1.9090496208120264,0.17037037037037034,17.0,17.0,41.0,41.0,13.5,13.5,18.4,18.4,5.6,5.6,S,C,181
181,e,45,C,C,I,16.148,-0.6285714285714287,"(False, 0.0)",T,182,35.0,37.32,37.32,0.72,0.72,23.42,23.42,13.9,13.9,36.61,36.61,1.9995757343423988,136.1,156.0,2.2218438308460198,0.24647887323943665,26.5,26.5,1.7,1.7,31.5,31.5,21.0,21.0,37.1,37.1,-,T,182
182,-,15,C,C,I,16.778,-0.9000000000000002,"(False, 0.0)",F,183,78.0,78.37,78.37,2.39,2.39,75.98,75.98,2.39,2.39,75.98,75.98,2.434422545653015,-90.4,-18.7,2.023755770698469,0.39593908629441626,39.2,39.2,6.2,6.2,46.1,46.1,6.8,6.8,47.1,47.1,-,F,183
183,e,40,C,C,I,16.824,-0.4857142857142858,"(False, 0.0)",P,184,32.0,29.91,29.91,17.33,17.33,12.73,12.73,17.18,17.18,12.57,12.57,2.5818675861520437,-15.2,73.4,2.106952746180009,0.2352941176470588,21.8,21.8,63.0,63.0,10.5,10.5,106.8,106.8,11.5,11.5,-,P,184
184,e,60,C,C,I,17.156,-0.9000000000000001,"(True, 0.7673)",P,185,48.0,50.04,50.04,0.91,0.91,49.81,49.81,0.23,0.23,49.12,49.12,1.9995548236082759,-91.7,-23.1,1.9290519406097952,0.35294117647058826,36.5,36.5,3.3,3.3,41.1,41.1,1.4,1.4,44.8,44.8,S,P,185
185,e,45,C,C,I,13.876,-1.442857142857143,"(False, 0.0)",H,186,148.0,145.21,145.21,8.8,8.8,99.65,99.65,45.56,45.56,136.41,136.41,1.9998672454034307,-64.0,-53.2,1.844844707552348,0.8043478260869565,79.4,79.4,22.5,22.5,102.7,102.7,53.0,53.0,94.8,94.8,T,H,186
186,e,55,C,C,I,13.245999999999999,-2.4857142857142853,"(False, 0.0)",P,187,84.0,90.73,90.73,16.46,16.46,81.45,81.45,9.28,9.28,74.27,74.27,1.9995495078962695,-97.1,129.0,1.957749644296328,0.6176470588235294,66.1,66.1,59.8,59.8,67.2,67.2,57.7,57.7,67.7,67.7,T,P,187
187,e,50,C,H,I,12.616,-1.7142857142857142,"(False, 0.0)",G,188,50.0,51.62,51.62,51.62,51.62,19.7,19.7,31.92,31.92,0.0,0.0,1.9993282416699203,115.6,-53.5,1.7095099898129669,0.5952380952380952,63.7,63.7,63.7,63.7,54.1,54.1,71.5,71.5,inf,inf,T,G,188
188,e,50,C,C,I,14.157999999999998,-1.7142857142857146,"(False, 0.0)",R,189,207.0,199.59,199.59,27.82,27.82,58.76,58.76,140.83,140.83,171.77,171.77,1.9994718380524883,65.1,15.5,1.8326067053889863,0.8346774193548387,83.8,83.8,66.2,66.2,80.3,80.3,85.4,85.4,87.6,87.6,-,R,189
189,e,55,C,C,I,14.157999999999998,-0.6571428571428571,"(True, 0.8108)",R,190,113.0,106.44,106.44,6.92,6.92,51.32,51.32,55.12,55.12,99.52,99.52,1.9997342791546664,-110.7,115.7,1.859174885215556,0.4556451612903226,44.7,44.7,16.5,16.5,70.1,70.1,33.4,33.4,50.7,50.7,-,R,190
190,e,45,C,C,I,17.792,0.21428571428571427,"(False, 0.0)",L,191,119.0,118.66,118.66,6.13,6.13,113.09,113.09,5.57,5.57,112.53,112.53,1.999491737739876,-62.7,142.2,2.093119918863175,0.725609756097561,66.1,66.1,15.4,15.4,79.4,79.4,15.0,15.0,80.5,80.5,-,L,191
191,e,55,C,C,I,19.216,-0.28571428571428575,"(False, 0.0)",P,192,27.0,25.14,25.14,7.21,7.21,19.12,19.12,6.02,6.02,17.93,17.93,1.99962879864799,-55.6,90.5,2.0063347935475826,0.19852941176470587,18.3,18.3,26.2,26.2,15.8,15.8,37.4,37.4,16.3,16.3,S,P,192
192,e,50,C,C,I,19.502,-0.19999999999999993,"(False, 0.0)",V,193,82.0,84.15,84.15,1.63,1.63,84.07,84.07,0.09,0.09,82.52,82.52,1.9999513207920896,-95.7,-26.5,2.0214878036907047,0.5774647887323944,55.4,55.4,3.9,3.9,73.0,73.0,0.2,0.2,74.7,74.7,-,V,193
193,e,50,C,C,I,18.363999999999997,0.34285714285714286,"(False, 0.0)",I,194,119.0,124.46,124.46,34.18,34.18,98.19,98.19,26.27,26.27,90.28,90.28,1.9994406984565125,-39.6,-50.4,1.987354191500133,0.7041420118343196,70.8,70.8,82.4,82.4,70.7,70.7,71.3,71.3,67.3,67.3,T,I,194
194,e,60,C,C,I,18.032,-0.29999999999999993,"(False, 0.0)",K,195,154.0,149.62,149.62,9.79,9.79,87.6,87.6,62.03,62.03,139.83,139.83,1.999519540747113,-88.0,-28.3,1.943198640879623,0.7512195121951221,73.0,73.0,23.3,23.3,78.8,78.8,66.1,66.1,85.8,85.8,T,K,195
195,e,55,C,C,I,16.872000000000003,-0.18571428571428564,"(False, 0.0)",K,196,170.0,166.34,166.34,15.06,15.06,96.05,96.05,70.29,70.29,151.28,151.28,1.9996563633465128,71.6,50.4,1.9019512338048237,0.8292682926829268,81.1,81.1,35.9,35.9,86.4,86.4,74.9,74.9,92.8,92.8,-,K,196
196,e,50,C,C,I,14.485999999999999,-0.9,"(True, 0.9042)",T,197,41.0,39.55,39.55,21.03,21.03,22.49,22.49,17.06,17.06,18.52,18.52,1.999423354398765,-63.9,-58.7,1.9396107257616184,0.2887323943661972,28.1,28.1,50.1,50.1,30.2,30.2,25.8,25.8,18.8,18.8,-,T,197
197,e,50,C,C,I,13.238,-1.6428571428571428,"(False, 0.0)",T,198,120.0,115.01,115.01,22.91,22.91,75.75,75.75,39.26,39.26,92.1,92.1,1.999658239934572,38.9,97.7,1.7767963207747914,0.8450704225352113,81.8,81.8,54.6,54.6,101.8,101.8,59.4,59.4,93.4,93.4,-,T,198
198,e,50,C,C,I,13.25,-1.5857142857142859,"(False, 0.0)",S,199,45.0,51.59,51.59,32.71,32.71,25.79,25.79,25.8,25.8,18.87,18.87,1.99956277928504,-135.2,158.2,1.7394979775074886,0.3461538461538461,43.6,43.6,75.4,75.4,54.9,54.9,36.1,36.1,25.2,25.2,-,S,199
199,e,40,C,C,I,12.809999999999999,-1.485714285714286,"(False, 0.0)",S,200,100.0,91.89,91.89,27.55,27.55,35.7,35.7,56.19,56.19,64.35,64.35,1.9999215358554199,-175.2,131.9,1.739594493350915,0.7692307692307693,77.7,77.7,63.5,63.5,76.0,76.0,78.7,78.7,85.9,85.9,-,S,200
200,e,35,C,C,I,12.394,-2.0285714285714285,"(False, 0.0)",T,201,94.0,89.84,89.84,15.0,15.0,66.17,66.17,23.66,23.66,74.84,74.84,1.9995513642781693,142.3,-119.7,1.776755688315792,0.6619718309859155,63.9,63.9,35.7,35.7,88.9,88.9,35.8,35.8,75.9,75.9,S,T,201
201,e,50,C,C,I,13.356,-1.5714285714285714,"(False, 0.0)",E,202,165.0,148.97,148.97,16.23,16.23,50.6,50.6,98.37,98.37,132.74,132.74,1.999466092035144,-58.7,-26.8,1.708558175877978,0.8505154639175257,85.5,85.5,38.6,38.6,97.9,97.9,80.3,80.3,100.4,100.4,H,E,202
202,e,40,C,C,I,14.154,-1.5714285714285714,"(False, 0.0)",H,203,9.0,11.18,11.18,6.66,6.66,6.29,6.29,4.89,4.89,4.52,4.52,1.999709180962774,-66.0,-45.9,2.3421023446249505,0.04891304347826087,6.1,6.1,17.0,17.0,6.5,6.5,5.7,5.7,3.1,3.1,H,H,203
203,e,40,H,H,I,12.894,-0.8142857142857143,"(False, 0.0)",R,204,84.0,74.67,74.67,0.93,0.93,2.68,2.68,71.99,71.99,73.74,73.74,2.9802360364511777,-74.2,-43.1,2.1368409971582167,0.3387096774193548,31.3,31.3,2.2,2.2,3.7,3.7,43.6,43.6,37.6,37.6,H,R,204
204,e,30,H,H,I,14.459999999999999,-0.07142857142857142,"(False, 0.0)",C,205,75.0,79.57,79.57,14.12,14.12,25.93,25.93,53.64,53.64,65.45,65.45,2.3728956259702936,-53.4,-57.6,1.9521118182082544,0.5555555555555556,60.2,60.2,33.2,33.2,65.7,65.7,57.8,57.8,73.0,73.0,H,C,205
205,-,25,H,H,I,16.002,-0.07142857142857147,"(False, 0.0)",S,206,94.0,88.15,88.15,24.23,24.23,43.54,43.54,44.61,44.61,63.92,63.92,1.99944531715918,-65.3,-78.4,1.7395379406610951,0.7230769230769231,74.5,74.5,55.8,55.8,92.7,92.7,62.5,62.5,85.3,85.3,S,S,206
206,-,20,H,H,I,15.482,0.9285714285714286,"(False, 0.0)",I,207,3.0,5.09,5.09,1.99,1.99,4.38,4.38,0.71,0.71,3.1,3.1,1.999907425404964,3.5,95.6,2.2433510651720674,0.017751479289940832,2.9,2.9,4.8,4.8,3.2,3.2,1.9,1.9,2.3,2.3,-,I,207
207,-,15,H,H,I,17.07,1.8285714285714287,"(False, 0.0)",I,208,87.0,96.7,96.7,2.15,2.15,94.7,94.7,2.01,2.01,94.56,94.56,2.2512762628985516,-64.7,-33.6,2.038045773411382,0.514792899408284,55.0,55.0,5.2,5.2,68.2,68.2,5.4,5.4,70.4,70.4,H,I,208
208,-,20,H,H,I,17.476,1.3571428571428572,"(False, 0.0)",D,209,0.0,0.6,0.6,0.6,0.6,0.37,0.37,0.23,0.23,0.0,0.0,2.7819594362321003,-63.0,-43.6,3.0876134961165667,0.0,0.4,0.4,1.4,1.4,0.9,0.9,0.2,0.2,0.0,0.0,H,D,209
209,-,5,H,H,T,15.089999999999998,1.2857142857142858,"(False, 0.0)",L,210,5.0,5.54,5.54,0.56,0.56,5.54,5.54,0.0,0.0,4.99,4.99,2.782997445952785,-59.7,-36.2,2.4311647064664217,0.03048780487804878,3.1,3.1,1.4,1.4,3.9,3.9,0.0,0.0,3.6,3.6,H,L,210
210,-,0,H,H,T,14.416,0.5428571428571428,"(False, 0.0)",A,211,31.0,31.17,31.17,3.22,3.22,30.9,30.9,0.27,0.27,27.95,27.95,1.9995694401467288,-60.8,-41.1,2.13840860231674,0.29245283018867924,28.7,28.7,7.3,7.3,43.5,43.5,0.7,0.7,43.1,43.1,H,A,211
211,-,0,H,H,T,15.234,0.4428571428571428,"(False, 0.0)",S,212,29.0,25.33,25.33,0.51,0.51,0.92,0.92,24.4,24.4,24.82,24.82,1.9995104999729567,-61.1,-44.9,2.216589719051038,0.2230769230769231,21.4,21.4,1.2,1.2,2.0,2.0,34.2,34.2,33.1,33.1,H,S,212
212,-,0,H,H,T,15.234,0.7571428571428571,"(False, 0.0)",Y,213,6.999999999999999,8.62,8.62,0.0,0.0,8.62,8.62,0.0,0.0,8.62,8.62,2.6796211718869296,-63.9,-39.4,3.1358018435751407,0.03153153153153153,4.0,4.0,0.0,0.0,6.5,6.5,0.0,0.0,4.9,4.9,H,Y,213
213,-,0,H,H,T,16.54,0.1571428571428571,"(False, 0.0)",T,214,15.0,13.66,13.66,0.67,0.67,12.99,12.99,0.67,0.67,12.99,12.99,2.8702787000691514,-61.1,-41.0,2.423299118099264,0.1056338028169014,9.7,9.7,1.6,1.6,17.4,17.4,1.0,1.0,13.2,13.2,H,T,214
214,-,0,H,H,T,15.325999999999999,-0.28571428571428586,"(False, 0.0)",L,215,92.0,95.62,95.62,0.33,0.33,95.62,95.62,0.0,0.0,95.29,95.29,1.999600119757724,-63.7,-33.1,2.2614268510239293,0.5609756097560976,53.3,53.3,0.8,0.8,67.2,67.2,0.0,0.0,68.2,68.2,H,L,215
215,-,5,H,H,T,15.325999999999999,0.4714285714285714,"(False, 0.0)",Y,216,2.0,1.8,1.8,0.0,0.0,1.8,1.8,0.0,0.0,1.8,1.8,3.964713379826308,-70.1,-42.0,3.102050544216091,0.009009009009009007,0.8,0.8,0.0,0.0,1.4,1.4,0.0,0.0,1.0,1.0,H,Y,216
216,-,5,H,H,T,16.452,0.542857142857143,"(False, 0.0)",G,217,0.0,0.0,0.0,0.0,0.0,0.0,0.0,0.0,0.0,0.0,0.0,4.40414869887375,-56.9,-34.1,4.353089462424723,0.0,0.0,0.0,0.0,0.0,0.0,0.0,0.0,0.0,inf,inf,H,G,217
217,-,10,H,H,T,14.065999999999999,0.9142857142857143,"(False, 0.0)",Y,218,94.0,82.01,82.01,0.0,0.0,44.01,44.01,38.0,38.0,82.01,82.01,3.172089684464141,-59.2,-44.1,2.3331014686099105,0.4234234234234234,38.3,38.3,0.0,0.0,33.1,33.1,46.8,46.8,46.7,46.7,H,Y,218
218,-,10,H,H,T,13.709999999999999,0.6285714285714287,"(False, 0.0)",I,219,2.0,3.04,3.04,0.0,0.0,3.04,3.04,0.0,0.0,3.04,3.04,3.616797437341064,-59.5,-39.9,2.7506302036912444,0.01183431952662722,1.7,1.7,0.0,0.0,2.2,2.2,0.0,0.0,2.3,2.3,H,I,219
219,-,10,H,H,T,15.330000000000002,0.7142857142857144,"(False, 0.0)",S,220,3.0,5.29,5.29,2.82,2.82,3.17,3.17,2.11,2.11,2.47,2.47,1.99960231166876,-61.9,-45.5,2.283120059418076,0.02307692307692308,4.5,4.5,6.5,6.5,6.8,6.8,3.0,3.0,3.3,3.3,H,S,220
220,-,15,H,H,T,14.878,1.1714285714285713,"(False, 0.0)",M,221,2.0,3.58,3.58,0.0,0.0,3.58,3.58,0.0,0.0,3.58,3.58,3.743406224255315,-66.8,-31.4,3.4279309108549296,0.010638297872340424,1.9,1.9,0.0,0.0,3.0,3.0,0.0,0.0,2.4,2.4,H,M,221
221,-,10,H,H,T,14.557999999999998,1.1714285714285715,"(False, 0.0)",A,222,0.0,0.22,0.22,0.0,0.0,0.22,0.22,0.0,0.0,0.22,0.22,4.656985329751348,-65.3,-39.2,4.267671355924807,0.0,0.2,0.2,0.0,0.0,0.3,0.3,0.0,0.0,0.3,0.3,H,A,222
222,-,10,H,H,T,16.27,1.0714285714285714,"(False, 0.0)",T,223,16.0,17.45,17.45,0.07,0.07,3.51,3.51,13.94,13.94,17.37,17.37,2.5990839936164494,-66.5,-39.5,2.4363184380339313,0.11267605633802814,12.4,12.4,0.2,0.2,4.7,4.7,21.1,21.1,17.6,17.6,H,T,223
223,-,15,H,H,T,17.299999999999997,1.7857142857142858,"(False, 0.0)",F,224,18.0,22.92,22.92,0.0,0.0,22.92,22.92,0.0,0.0,22.92,22.92,3.698969763656712,-65.8,-57.0,2.7301151820459264,0.09137055837563453,11.5,11.5,0.0,0.0,13.9,13.9,0.0,0.0,14.2,14.2,H,F,224
224,-,15,H,H,T,19.314,1.4,"(False, 0.0)",Y,225,33.0,36.31,36.31,0.0,0.0,22.42,22.42,13.88,13.88,36.31,36.31,4.188212354362083,-74.0,-38.9,2.517311344445378,0.14864864864864866,17.0,17.0,0.0,0.0,16.9,16.9,17.1,17.1,20.7,20.7,H,Y,225
225,-,10,H,H,T,18.054000000000002,0.6428571428571429,"(False, 0.0)",L,226,2.0,3.24,3.24,0.95,0.95,2.39,2.39,0.86,0.86,2.3,2.3,2.0860943184630307,-63.3,-43.3,2.5482940504684057,0.012195121951219513,1.8,1.8,2.4,2.4,1.7,1.7,2.3,2.3,1.6,1.6,H,L,226
226,-,5,H,H,T,16.984,0.6142857142857144,"(False, 0.0)",V,227,31.0,30.99,30.99,1.69,1.69,29.85,29.85,1.14,1.14,29.3,29.3,1.9996850111109323,-66.0,-41.8,2.140840035011203,0.2183098591549296,20.4,20.4,4.1,4.1,25.9,25.9,3.1,3.1,26.5,26.5,H,V,227
227,-,15,H,H,T,17.712,0.7571428571428572,"(False, 0.0)",S,228,8.0,7.28,7.28,2.41,2.41,6.7,6.7,0.58,0.58,4.87,4.87,4.124686227411019,-70.8,-41.7,4.205827328678311,0.061538461538461535,6.2,6.2,5.6,5.6,14.3,14.3,0.8,0.8,6.5,6.5,H,S,228
228,-,15,H,H,T,17.712,1.1999999999999997,"(False, 0.0)",Q,229,21.0,20.06,20.06,1.52,1.52,3.91,3.91,16.15,16.15,18.54,18.54,2.9328983749783664,-65.0,-38.3,2.2918677357909,0.10606060606060606,11.2,11.2,3.6,3.6,8.3,8.3,12.2,12.2,13.5,13.5,H,Q,229
229,-,15,H,H,T,15.697999999999999,0.15714285714285717,"(False, 0.0)",W,230,45.0,45.67,45.67,0.53,0.53,39.36,39.36,6.31,6.31,45.14,45.14,1.999612287161057,-77.3,-24.5,1.935153585891192,0.19823788546255505,18.3,18.3,1.2,1.2,21.0,21.0,10.2,10.2,21.9,21.9,H,W,230
230,-,10,H,H,T,16.694,-0.6285714285714284,"(False, 0.0)",L,231,21.0,18.5,18.5,2.43,2.43,17.5,17.5,0.99,0.99,16.06,16.06,1.9996605208782767,-49.2,-44.9,2.6998482610230123,0.12804878048780488,10.3,10.3,6.1,6.1,12.3,12.3,2.7,2.7,11.5,11.5,H,L,231
231,-,15,H,H,T,17.41,-0.5714285714285714,"(False, 0.0)",A,232,9.0,8.82,8.82,2.0,2.0,7.18,7.18,1.64,1.64,6.82,6.82,2.3657800730068503,-68.3,-47.7,2.3191615404975567,0.08490566037735849,8.1,8.1,4.6,4.6,10.1,10.1,4.3,4.3,10.5,10.5,H,A,232
232,-,20,H,H,O,13.756,-0.5714285714285714,"(False, 0.0)",Q,233,19.0,20.2,20.2,1.37,1.37,0.0,0.0,20.2,20.2,18.83,18.83,3.0911985050330753,-69.1,-43.1,2.689071642671445,0.09595959595959597,11.3,11.3,3.3,3.3,0.0,0.0,15.3,15.3,13.8,13.8,H,Q,233
233,-,10,H,H,O,12.366,-0.04285714285714293,"(False, 0.0)",Y,234,38.0,37.06,37.06,0.0,0.0,16.76,16.76,20.3,20.3,37.06,37.06,2.890666741758292,-61.7,-44.0,2.409013808746556,0.17117117117117114,17.3,17.3,0.0,0.0,12.6,12.6,25.0,25.0,21.1,21.1,H,Y,234
234,-,5,H,H,O,14.026000000000002,0.014285714285714282,"(False, 0.0)",G,235,15.0,15.11,15.11,15.11,15.11,15.11,15.11,0.0,0.0,0.0,0.0,4.278869616300853,-66.0,146.5,3.54248410058904,0.17857142857142858,18.6,18.6,18.6,18.6,41.5,41.5,0.0,0.0,inf,inf,B,G,235
235,-,25,H,H,O,15.45,0.014285714285714362,"(False, 0.0)",Q,236,106.0,99.23,99.23,15.97,15.97,26.07,26.07,73.16,73.16,83.26,83.26,1.9996593733476007,74.7,-4.9,1.9701661139276505,0.5353535353535354,55.5,55.5,38.0,38.0,55.5,55.5,55.5,55.5,60.9,60.9,T,Q,236
236,e,30,H,H,O,14.144,0.45714285714285713,"(False, 0.0)",F,237,130.0,130.19,130.19,26.48,26.48,105.44,105.44,24.75,24.75,103.71,103.71,1.9994544499153333,-82.5,-49.6,1.87980209872827,0.6598984771573604,65.1,65.1,68.9,68.9,63.9,63.9,70.8,70.8,64.2,64.2,T,F,237
237,-,25,H,H,O,14.144,0.9142857142857144,"(False, 0.0)",V,238,51.0,55.07,55.07,7.95,7.95,55.07,55.07,0.0,0.0,47.12,47.12,1.9995032108984447,-138.5,159.6,2.1684531233938094,0.3591549295774648,36.2,36.2,19.1,19.1,47.8,47.8,0.0,0.0,42.7,42.7,B,V,238
238,-,30,C,T,O,14.504,0.857142857142857,"(False, 0.0)",A,239,26.0,27.76,27.76,21.78,21.78,9.18,9.18,18.58,18.58,5.99,5.99,1.9995958737100332,53.3,45.5,1.7953746110807522,0.2452830188679245,25.5,25.5,49.5,49.5,12.9,12.9,49.2,49.2,9.2,9.2,S,A,239
239,e,45,C,T,O,12.437999999999999,1.1714285714285715,"(False, 0.0)",G,240,49.0,48.29,48.29,48.29,48.29,7.82,7.82,40.47,40.47,0.0,0.0,1.9996536527120083,-94.6,84.4,1.7095942712208976,0.5833333333333334,59.5,59.5,59.5,59.5,21.5,21.5,90.6,90.6,inf,inf,-,G,240
240,-,15,C,C,O,11.73,0.6714285714285714,"(False, 0.0)",M,241,117.0,119.53,119.53,18.81,18.81,71.86,71.86,47.67,47.67,100.71,100.71,1.9997729275227565,-74.9,-53.4,1.8296059901122972,0.6223404255319149,61.9,61.9,44.8,44.8,61.1,61.1,63.2,63.2,66.7,66.7,-,M,241
241,e,40,C,C,T,12.584,0.3428571428571429,"(False, 0.0)",S,242,53.0,47.32,47.32,14.13,14.13,24.77,24.77,22.56,22.56,33.19,33.19,1.9996030111258172,176.1,157.4,2.1681498743220184,0.4076923076923077,40.0,40.0,32.5,32.5,52.7,52.7,31.6,31.6,44.3,44.3,-,S,242
242,e,30,H,H,T,15.154000000000002,-0.02857142857142863,"(False, 0.0)",Y,243,58.0,66.05,66.05,2.78,2.78,63.62,63.62,2.43,2.43,63.27,63.27,1.9997753056460137,-67.1,-40.3,2.1008698871507607,0.2612612612612613,30.8,30.8,7.2,7.2,47.8,47.8,3.0,3.0,36.0,36.0,H,Y,243
243,-,25,H,H,T,13.797999999999998,0.6714285714285715,"(False, 0.0)",T,244,80.0,82.76,82.76,2.14,2.14,51.53,51.53,31.23,31.23,80.62,80.62,2.0000569524822103,-58.4,-53.3,1.923267833628552,0.5633802816901409,58.9,58.9,5.1,5.1,69.2,69.2,47.2,47.2,81.7,81.7,H,T,244
244,-,25,H,H,T,16.184,-0.15714285714285717,"(False, 0.0)",M,245,33.0,33.28,33.28,4.07,4.07,33.28,33.28,0.0,0.0,29.21,29.21,1.9995615200110564,-69.2,-37.3,2.558704591149916,0.17553191489361702,17.2,17.2,9.7,9.7,28.3,28.3,0.0,0.0,19.3,19.3,H,M,245
245,-,5,H,H,T,15.719999999999999,0.5000000000000001,"(False, 0.0)",S,246,11.0,9.61,9.61,1.58,1.58,8.32,8.32,1.28,1.28,8.02,8.02,3.454399181810172,-56.0,-54.2,3.3198638404124208,0.08461538461538462,8.1,8.1,3.6,3.6,17.7,17.7,1.8,1.8,10.7,10.7,H,S,246
246,-,10,H,H,T,16.845999999999997,1.2285714285714282,"(False, 0.0)",I,247,3.0,4.42,4.42,0.02,0.02,4.42,4.42,0.0,0.0,4.4,4.4,4.357860441267554,-65.0,-34.8,3.680123466073696,0.017751479289940832,2.5,2.5,0.0,0.0,3.2,3.2,0.0,0.0,3.3,3.3,H,I,247
247,-,10,H,H,T,17.875999999999998,1.2142857142857142,"(False, 0.0)",K,248,97.0,101.1,101.1,1.18,1.18,75.0,75.0,26.1,26.1,99.92,99.92,3.376639253391601,-63.5,-30.8,2.5692920451227863,0.473170731707317,49.3,49.3,2.8,2.8,67.5,67.5,27.8,27.8,61.3,61.3,H,K,248
248,-,0,H,H,T,17.875999999999998,1.5857142857142859,"(False, 0.0)",L,249,4.0,2.28,2.28,0.0,0.0,2.28,2.28,0.0,0.0,2.28,2.28,3.431727591041773,-72.1,-44.9,3.5965645010668106,0.024390243902439025,1.3,1.3,0.0,0.0,1.6,1.6,0.0,0.0,1.6,1.6,H,L,249
249,-,0,H,H,T,17.875999999999998,1.5142857142857145,"(False, 0.0)",L,250,9.0,5.94,5.94,0.0,0.0,5.94,5.94,0.0,0.0,5.94,5.94,6.3955050292512485,-58.2,-40.4,5.803244318977945,0.054878048780487805,3.3,3.3,0.0,0.0,4.2,4.2,0.0,0.0,4.2,4.2,H,L,250
250,-,0,H,H,T,18.339999999999996,0.7714285714285716,"(False, 0.0)",S,251,6.0,4.51,4.51,0.0,0.0,1.16,1.16,3.35,3.35,4.51,4.51,3.320076157709828,-62.6,-48.4,2.7930047816542767,0.04615384615384616,3.8,3.8,0.0,0.0,2.5,2.5,4.7,4.7,6.0,6.0,H,S,251
251,-,5,H,H,T,17.214,1.9285714285714286,"(False, 0.0)",I,252,51.0,51.66,51.66,0.04,0.04,51.66,51.66,0.0,0.0,51.62,51.62,2.1872743752050887,-61.1,-38.0,2.3201940177033444,0.3017751479289941,29.4,29.4,0.1,0.1,37.2,37.2,0.0,0.0,38.5,38.5,H,I,252
252,-,15,H,H,T,17.248,1.3285714285714287,"(False, 0.0)",Y,253,8.0,6.14,6.14,0.0,0.0,6.14,6.14,0.0,0.0,6.14,6.14,5.108783707270688,-62.9,-54.6,4.446340696184751,0.036036036036036036,2.9,2.9,0.0,0.0,4.6,4.6,0.0,0.0,3.5,3.5,H,Y,253
253,-,15,H,H,T,16.034,0.6714285714285715,"(False, 0.0)",T,254,5.0,8.09,8.09,0.81,0.81,4.67,4.67,3.43,3.43,7.28,7.28,1.999619147015836,-66.9,-42.2,2.4069877052489983,0.035211267605633804,5.8,5.8,1.9,1.9,6.3,6.3,5.2,5.2,7.4,7.4,H,T,254
254,-,10,H,H,T,13.648000000000001,1.3285714285714287,"(False, 0.0)",V,255,57.0,58.26,58.26,2.17,2.17,56.09,56.09,2.17,2.17,56.09,56.09,2.9377591739926965,-69.1,-34.1,2.3300658120545057,0.4014084507042254,38.3,38.3,5.2,5.2,48.7,48.7,5.9,5.9,50.8,50.8,H,V,255
255,-,10,H,H,T,14.322000000000003,1.2285714285714284,"(False, 0.0)",G,256,5.0,4.58,4.58,4.58,4.58,4.58,4.58,0.0,0.0,0.0,0.0,1.9995455775951148,-62.1,-24.4,2.3164731572051367,0.05952380952380953,5.6,5.6,5.6,5.6,12.6,12.6,0.0,0.0,inf,inf,H,G,256
256,-,15,H,H,T,15.447999999999999,1.7714285714285716,"(False, 0.0)",S,257,8.0,7.79,7.79,0.0,0.0,4.26,4.26,3.53,3.53,7.79,7.79,3.121727820461534,-63.4,-31.1,2.5281379105812563,0.061538461538461535,6.6,6.6,0.0,0.0,9.1,9.1,4.9,4.9,10.4,10.4,H,S,257
257,-,15,H,H,T,13.825999999999999,2.4714285714285715,"(False, 0.0)",L,258,67.0,65.19,65.19,8.87,8.87,60.67,60.67,4.51,4.51,56.31,56.31,1.9994849684742702,-58.5,-50.6,1.9608629398504456,0.4085365853658536,36.3,36.3,22.3,22.3,42.6,42.6,12.1,12.1,40.3,40.3,H,L,258
258,-,15,H,H,T,17.46,2.271428571428572,"(False, 0.0)",L,259,125.0,128.64,128.64,1.06,1.06,128.42,128.42,0.23,0.23,127.58,127.58,1.9994134336559448,-65.9,-45.2,1.980426762300544,0.7621951219512195,71.6,71.6,2.7,2.7,90.2,90.2,0.6,0.6,91.3,91.3,H,L,259
259,-,5,H,H,T,19.526,2.9714285714285715,"(False, 0.0)",C,260,6.0,6.53,6.53,0.0,0.0,0.0,0.0,6.53,6.53,6.53,6.53,3.0762401547816607,-63.7,-52.3,2.7277728135095765,0.04444444444444445,4.9,4.9,0.0,0.0,0.0,0.0,7.0,7.0,7.3,7.3,H,C,260
260,-,15,H,H,T,19.526,2.9857142857142853,"(False, 0.0)",V,261,9.0,8.51,8.51,0.0,0.0,8.51,8.51,0.0,0.0,8.51,8.51,2.8476910068201144,-57.7,-40.2,2.5092344244996343,0.06338028169014084,5.6,5.6,0.0,0.0,7.4,7.4,0.0,0.0,7.7,7.7,H,V,261
261,-,15,H,H,T,18.4,2.6999999999999997,"(False, 0.0)",F,262,123.0,122.35,122.35,0.6,0.6,122.04,122.04,0.31,0.31,121.75,121.75,1.999948995246975,-58.7,-44.7,2.0087350019669548,0.6243654822335025,61.2,61.2,1.6,1.6,74.0,74.0,0.9,0.9,75.4,75.4,H,F,262
262,-,10,H,H,T,18.008,1.9285714285714286,"(False, 0.0)",I,263,92.0,95.1,95.1,0.0,0.0,95.1,95.1,0.0,0.0,95.1,95.1,2.593229915407693,-66.2,-38.3,2.2946229463823524,0.5443786982248521,54.1,54.1,0.0,0.0,68.5,68.5,0.0,0.0,70.8,70.8,H,I,263
263,-,10,H,H,T,17.18,2.1142857142857143,"(False, 0.0)",T,264,13.999999999999998,15.86,15.86,5.89,5.89,14.19,14.19,1.67,1.67,9.97,9.97,1.9997394423055996,-58.4,-31.3,2.146924211751335,0.09859154929577464,11.3,11.3,14.0,14.0,19.1,19.1,2.5,2.5,10.1,10.1,H,T,264
264,-,5,H,H,I,17.5,2.1571428571428575,"(False, 0.0)",A,265,12.0,13.09,13.09,3.27,3.27,13.09,13.09,0.0,0.0,9.82,9.82,3.0976636049736053,-67.9,-54.2,2.9154300914752924,0.11320754716981132,12.0,12.0,7.4,7.4,18.4,18.4,0.0,0.0,15.1,15.1,H,A,265
265,-,20,H,H,I,17.5,1.114285714285714,"(False, 0.0)",P,266,56.0,55.89,55.89,0.75,0.75,55.53,55.53,0.36,0.36,55.14,55.14,2.2711222208596182,-67.5,-31.0,2.0912224105136983,0.4117647058823529,40.7,40.7,2.7,2.7,45.9,45.9,2.2,2.2,50.3,50.3,H,P,266
266,-,10,H,H,I,17.201999999999998,-0.0285714285714286,"(False, 0.0)",L,267,74.0,76.94,76.94,5.54,5.54,76.18,76.18,0.75,0.75,71.39,71.39,1.9996968768589831,-63.8,-40.8,2.143479211930154,0.451219512195122,42.8,42.8,13.9,13.9,53.5,53.5,2.0,2.0,51.1,51.1,H,L,267
267,-,5,H,H,I,17.466,-0.02857142857142847,"(False, 0.0)",I,268,20.0,17.23,17.23,0.0,0.0,17.23,17.23,0.0,0.0,17.23,17.23,2.328281250560408,-66.9,-40.3,2.4224371802325257,0.11834319526627217,9.8,9.8,0.0,0.0,12.4,12.4,0.0,0.0,12.8,12.8,H,I,268
268,e,30,H,H,I,17.134,0.31428571428571417,"(False, 0.0)",R,269,141.0,136.69,136.69,5.9,5.9,52.98,52.98,83.71,83.71,130.79,130.79,2.465120368151236,-68.1,-52.2,1.9759220703713047,0.5685483870967742,57.4,57.4,14.1,14.1,72.4,72.4,50.7,50.7,66.7,66.7,H,R,269
269,e,40,H,H,I,17.168,-0.10000000000000016,"(False, 0.0)",N,270,137.0,124.77,124.77,17.27,17.27,25.99,25.99,98.78,98.78,107.5,107.5,1.999699904338954,-73.8,-55.6,1.7797213516374972,0.8726114649681529,86.0,86.0,41.6,41.6,62.6,62.6,95.5,95.5,103.9,103.9,H,N,270
270,e,35,C,H,I,15.744,-0.8714285714285713,"(False, 0.0)",T,271,80.0,82.9,82.9,29.94,29.94,58.76,58.76,24.14,24.14,52.97,52.97,2.0000458667761483,-73.6,-48.1,1.864817298318033,0.5633802816901409,59.0,59.0,71.3,71.3,78.9,78.9,36.5,36.5,53.7,53.7,T,T,271
271,-,30,C,C,I,16.374000000000002,-1.6142857142857143,"(False, 0.0)",V,272,42.0,45.15,45.15,16.4,16.4,36.15,36.15,8.99,8.99,28.75,28.75,1.9999342158179856,-70.2,-22.3,1.9298252894729,0.29577464788732394,29.7,29.7,39.5,39.5,31.4,31.4,24.4,24.4,26.0,26.0,T,V,272
272,e,45,C,C,I,16.964,-1.0714285714285714,"(False, 0.0)",R,273,210.0,202.1,202.1,7.57,7.57,64.25,64.25,137.85,137.85,194.53,194.53,1.9997097314080459,54.6,84.2,1.8780488570814198,0.8467741935483871,84.9,84.9,18.0,18.0,87.8,87.8,83.5,83.5,99.2,99.2,-,R,273
273,e,50,H,H,I,16.964,-0.02857142857142866,"(False, 0.0)",P,274,104.0,104.74,104.74,25.5,25.5,79.24,79.24,25.5,25.5,79.24,79.24,2.2638382809778608,-20.9,79.9,1.903015123013742,0.7647058823529411,76.3,76.3,92.7,92.7,65.4,65.4,158.5,158.5,72.2,72.2,S,P,274
274,-,20,H,H,I,16.93,0.6142857142857142,"(False, 0.0)",T,275,93.0,91.19,91.19,8.83,8.83,70.2,70.2,20.99,20.99,82.36,82.36,1.999881152570123,-113.7,110.8,1.9413194599364143,0.6549295774647887,64.9,64.9,21.1,21.1,94.3,94.3,31.7,31.7,83.5,83.5,-,T,275
275,-,20,H,H,I,18.354,0.28571428571428564,"(False, 0.0)",T,276,34.0,30.54,30.54,2.07,2.07,28.46,28.46,2.09,2.09,28.47,28.47,1.9994584927382888,-68.9,-41.9,1.8746093125695944,0.23943661971830985,21.7,21.7,4.9,4.9,38.2,38.2,3.2,3.2,28.9,28.9,-,T,276
276,-,0,H,E,T,18.118000000000002,1.4714285714285713,"(False, 0.0)",L,277,39.0,38.17,38.17,11.31,11.31,29.64,29.64,8.54,8.54,26.86,26.86,1.9994824053407727,-48.4,93.9,1.8221497110060003,0.2378048780487805,21.3,21.3,28.4,28.4,20.8,20.8,23.0,23.0,19.2,19.2,-,L,277
277,-,0,H,H,T,19.244,1.514285714285714,"(False, 0.0)",L,278,3.0,4.26,4.26,3.87,3.87,4.17,4.17,0.09,0.09,0.39,0.39,1.9996484018415983,-33.1,30.2,2.4489946880593254,0.018292682926829267,2.4,2.4,9.7,9.7,2.9,2.9,0.2,0.2,0.3,0.3,-,L,278
278,-,0,H,H,T,19.695999999999998,1.5142857142857142,"(False, 0.0)",M,279,69.0,72.29,72.29,1.3,1.3,62.68,62.68,9.6,9.6,70.98,70.98,2.3774447048348564,-64.9,-40.1,1.9781266495153669,0.3670212765957447,37.4,37.4,3.1,3.1,53.3,53.3,12.7,12.7,47.0,47.0,H,M,279
279,-,5,H,H,T,18.57,2.014285714285714,"(False, 0.0)",L,280,121.0,120.47,120.47,8.6,8.6,116.44,116.44,4.02,4.02,111.86,111.86,1.9996237171930848,-61.9,-49.9,2.0770395335684384,0.7378048780487805,67.1,67.1,21.6,21.6,81.8,81.8,10.8,10.8,80.0,80.0,H,L,280
280,-,10,H,H,T,18.25,2.1142857142857143,"(False, 0.0)",Y,281,10.0,10.6,10.6,1.47,1.47,6.67,6.67,3.93,3.93,9.13,9.13,2.2312273353840832,-65.5,-47.4,2.5401475585452813,0.045045045045045036,5.0,5.0,3.8,3.8,5.0,5.0,4.8,4.8,5.2,5.2,H,Y,281
281,-,15,H,H,T,19.279999999999998,1.4571428571428573,"(False, 0.0)",T,282,8.0,8.91,8.91,1.9,1.9,0.92,0.92,7.99,7.99,7.01,7.01,1.9994834393995748,-60.4,-39.8,2.053068815678594,0.056338028169014086,6.3,6.3,4.5,4.5,1.2,1.2,12.1,12.1,7.1,7.1,H,T,282
282,-,15,H,H,T,16.894,1.5857142857142859,"(False, 0.0)",F,283,134.0,129.15,129.15,2.84,2.84,129.15,129.15,0.0,0.0,126.31,126.31,1.9994876481152613,-64.7,-46.0,2.025531365689369,0.6802030456852792,64.6,64.6,7.4,7.4,78.3,78.3,0.0,0.0,78.2,78.2,H,F,283
283,-,20,H,H,T,17.248,1.6857142857142857,"(False, 0.0)",I,284,72.0,73.42,73.42,12.07,12.07,64.95,64.95,8.47,8.47,61.34,61.34,1.9996700628809172,-64.2,-38.3,2.08780400570744,0.4260355029585799,41.8,41.8,29.1,29.1,46.8,46.8,23.0,23.0,45.7,45.7,H,I,284
284,-,20,H,H,T,18.374000000000002,2.1285714285714286,"(False, 0.0)",S,285,12.0,12.84,12.84,8.24,8.24,5.51,5.51,7.33,7.33,4.6,4.6,1.9996501634763264,-66.9,-32.1,1.9221336235560602,0.09230769230769233,10.9,10.9,19.0,19.0,11.7,11.7,10.3,10.3,6.1,6.1,H,S,285
285,-,20,H,H,T,16.714,2.7714285714285714,"(False, 0.0)",F,286,78.0,77.84,77.84,12.12,12.12,71.51,71.51,6.33,6.33,65.73,65.73,1.999615357729836,-59.8,-44.2,1.8678447740278887,0.39593908629441626,38.9,38.9,31.5,31.5,43.4,43.4,18.1,18.1,40.7,40.7,H,F,286
286,-,20,H,H,T,16.714,2.7714285714285714,"(False, 0.0)",I,287,91.0,94.07,94.07,0.76,0.76,93.3,93.3,0.76,0.76,93.3,93.3,2.058553357574157,-52.9,113.4,2.0107720332031005,0.5384615384615384,53.5,53.5,1.8,1.8,67.2,67.2,2.1,2.1,69.5,69.5,-,I,287
287,-,20,H,H,T,18.78,2.028571428571429,"(False, 0.0)",A,288,28.0,29.06,29.06,13.59,13.59,20.84,20.84,8.22,8.22,15.47,15.47,1.9993181489294711,-88.0,58.5,1.7675461207812824,0.2641509433962264,26.7,26.7,30.9,30.9,29.3,29.3,21.8,21.8,23.9,23.9,-,A,288
288,-,20,H,H,T,17.974,2.742857142857143,"(False, 0.0)",L,289,93.0,92.25,92.25,4.37,4.37,90.95,90.95,1.31,1.31,87.88,87.88,1.9995493492568888,-71.1,-37.0,1.8949399760138064,0.5670731707317073,51.4,51.4,11.0,11.0,63.9,63.9,3.5,3.5,62.9,62.9,T,L,289
289,-,20,H,H,T,18.008000000000003,2.7,"(False, 0.0)",F,290,29.0,31.34,31.34,2.32,2.32,29.02,29.02,2.32,2.32,29.02,29.02,2.7372161650449214,-63.6,-35.2,2.3963677868269597,0.14720812182741114,15.7,15.7,6.0,6.0,17.6,17.6,6.6,6.6,18.0,18.0,T,F,290
290,-,15,H,H,T,18.4,2.6,"(False, 0.0)",T,291,61.0,61.3,61.3,26.25,26.25,26.78,26.78,34.52,34.52,35.05,35.05,1.9997412760359183,-62.7,-39.8,1.8112998830102676,0.4295774647887324,43.6,43.6,62.6,62.6,36.0,36.0,52.2,52.2,35.5,35.5,T,T,291
291,-,15,H,H,T,18.4,1.8857142857142857,"(False, 0.0)",V,292,101.0,104.31,104.31,13.55,13.55,95.99,95.99,8.32,8.32,90.77,90.77,1.9996233974880269,-88.2,98.8,1.9674086789018173,0.7112676056338029,68.6,68.6,32.6,32.6,83.4,83.4,22.6,22.6,82.2,82.2,S,V,292
292,-,20,H,H,T,17.178000000000004,1.114285714285714,"(False, 0.0)",C,293,30.0,31.77,31.77,23.17,23.17,8.89,8.89,22.88,22.88,8.6,8.6,1.9996842082577857,-161.2,138.3,1.818837190628883,0.2222222222222222,24.0,24.0,54.5,54.5,22.5,22.5,24.7,24.7,9.6,9.6,-,C,293
293,-,25,H,H,T,17.51,0.6142857142857142,"(False, 0.0)",L,294,120.0,124.22,124.22,9.11,9.11,122.68,122.68,1.54,1.54,115.11,115.11,1.99959972539472,-107.2,-158.5,1.9258343610798132,0.7317073170731707,69.2,69.2,22.9,22.9,86.2,86.2,4.2,4.2,82.3,82.3,-,L,294
294,-,25,C,C,T,16.35,1.1142857142857143,"(False, 0.0)",H,295,167.0,160.93,160.93,20.64,20.64,95.37,95.37,65.56,65.56,140.29,140.29,1.999702323768028,-58.2,-16.1,1.8008382777623992,0.9076086956521741,88.0,88.0,52.8,52.8,98.3,98.3,76.3,76.3,97.5,97.5,G,H,295
295,-,30,C,C,T,17.618000000000002,0.32857142857142846,"(False, 0.0)",P,296,88.0,90.79,90.79,23.42,23.42,75.72,75.72,15.06,15.06,67.37,67.37,1.9996487556238596,-74.6,15.7,1.955111825397136,0.6470588235294118,66.2,66.2,85.1,85.1,62.5,62.5,93.6,93.6,61.4,61.4,G,P,296
296,-,25,C,C,T,16.944,0.5714285714285713,"(False, 0.0)",T,297,11.0,10.76,10.76,0.6,0.6,2.92,2.92,7.84,7.84,10.16,10.16,1.9996594365498388,-66.1,-14.6,2.3385219189484565,0.07746478873239436,7.7,7.7,1.4,1.4,3.9,3.9,11.9,11.9,10.3,10.3,G,T,297
297,-,25,H,H,T,18.52,0.6285714285714287,"(False, 0.0)",F,298,101.0,99.36,99.36,1.47,1.47,98.96,98.96,0.4,0.4,97.89,97.89,1.9998078686563416,-52.5,-53.5,1.995583583260605,0.5126903553299492,49.7,49.7,3.8,3.8,60.0,60.0,1.1,1.1,60.6,60.6,H,F,298
298,-,20,H,H,T,19.348000000000003,1.7285714285714284,"(False, 0.0)",Y,299,167.0,158.0,158.0,1.28,1.28,117.25,117.25,40.75,40.75,156.71,156.71,2.275395891150552,-69.4,-37.0,1.9816510425836458,0.7522522522522522,73.8,73.8,3.3,3.3,88.1,88.1,50.2,50.2,89.2,89.2,H,Y,299
299,-,15,H,H,O,20.474,2.6,"(False, 0.0)",V,300,40.0,41.55,41.55,1.15,1.15,41.14,41.14,0.41,0.41,40.4,40.4,1.9995649821088863,-70.9,-44.2,2.1228293946042567,0.28169014084507044,27.3,27.3,2.8,2.8,35.7,35.7,1.1,1.1,36.6,36.6,H,V,300
300,-,10,H,H,O,20.794,3.1,"(False, 0.0)",V,301,9.0,10.18,10.18,0.0,0.0,10.18,10.18,0.0,0.0,10.18,10.18,4.436440629604691,-66.3,-38.4,4.513508190756896,0.06338028169014084,6.7,6.7,0.0,0.0,8.8,8.8,0.0,0.0,9.2,9.2,H,V,301
301,-,15,H,H,O,21.148000000000003,2.957142857142857,"(False, 0.0)",I,302,53.0,55.27,55.27,1.25,1.25,54.02,54.02,1.25,1.25,54.02,54.02,2.457170320269841,-60.5,-46.0,2.21117530257873,0.3136094674556213,31.5,31.5,3.0,3.0,38.9,38.9,3.4,3.4,40.2,40.2,H,I,302
302,-,10,H,H,T,19.134000000000004,3.542857142857143,"(False, 0.0)",I,303,82.0,85.42,85.42,0.76,0.76,85.42,85.42,0.0,0.0,84.67,84.67,2.0000972279833737,-69.2,-38.9,2.1975669471887187,0.485207100591716,48.6,48.6,1.8,1.8,61.5,61.5,0.0,0.0,63.1,63.1,H,I,303
303,-,15,H,H,T,18.779999999999998,3.542857142857143,"(False, 0.0)",F,304,29.0,27.56,27.56,1.09,1.09,27.56,27.56,0.0,0.0,26.46,26.46,1.9998232350989529,-60.7,-45.3,2.337648836483626,0.14720812182741114,13.8,13.8,2.8,2.8,16.7,16.7,0.0,0.0,16.4,16.4,H,F,304
304,-,15,H,H,T,18.814,3.5857142857142854,"(False, 0.0)",A,305,2.0,2.03,2.03,0.72,0.72,2.03,2.03,0.0,0.0,1.31,1.31,4.972875041372835,-67.1,-42.8,4.666261018507732,0.018867924528301886,1.9,1.9,1.6,1.6,2.9,2.9,0.0,0.0,2.0,2.0,H,A,305
305,-,15,H,H,T,18.814,2.8857142857142857,"(False, 0.0)",F,306,75.0,73.05,73.05,0.0,0.0,73.05,73.05,0.0,0.0,73.05,73.05,3.0548844574033303,-59.9,-44.8,2.305782056839373,0.3807106598984771,36.5,36.5,0.0,0.0,44.3,44.3,0.0,0.0,45.2,45.2,H,F,306
306,-,15,H,H,T,15.534,2.642857142857143,"(False, 0.0)",V,307,63.0,61.53,61.53,0.35,0.35,61.53,61.53,0.0,0.0,61.18,61.18,1.9999501790818013,-71.6,-47.7,2.1774837811977954,0.4436619718309859,40.5,40.5,0.8,0.8,53.5,53.5,0.0,0.0,55.4,55.4,H,V,307
307,-,15,H,H,T,17.194,2.142857142857143,"(False, 0.0)",I,308,9.0,9.7,9.7,1.33,1.33,9.7,9.7,0.0,0.0,8.36,8.36,1.9997784830033047,-58.3,-48.3,2.6639043325702767,0.05325443786982249,5.5,5.5,3.2,3.2,7.0,7.0,0.0,0.0,6.2,6.2,H,I,308
308,-,10,H,H,T,16.388,1.7714285714285716,"(False, 0.0)",G,309,0.0,0.0,0.0,0.0,0.0,0.0,0.0,0.0,0.0,0.0,0.0,4.4938009339550335,-64.4,-38.9,4.0769653231983725,0.0,0.0,0.0,0.0,0.0,0.0,0.0,0.0,0.0,inf,inf,H,G,309
309,-,15,H,H,T,13.967999999999998,1.6285714285714283,"(False, 0.0)",F,310,51.0,50.95,50.95,0.0,0.0,50.95,50.95,0.0,0.0,50.95,50.95,3.8412507109671568,-52.2,-51.1,2.7246032318187363,0.2588832487309645,25.5,25.5,0.0,0.0,30.9,30.9,0.0,0.0,31.6,31.6,H,F,310
310,-,20,H,H,T,11.988,0.9714285714285714,"(False, 0.0)",T,311,6.0,3.23,3.23,0.0,0.0,1.16,1.16,2.07,2.07,3.23,3.23,2.900084303822976,-89.2,-25.9,2.8220285557450464,0.04225352112676056,2.3,2.3,0.0,0.0,1.6,1.6,3.1,3.1,3.3,3.3,H,T,311
311,-,15,H,H,T,11.988,0.27142857142857146,"(False, 0.0)",S,312,0.0,0.0,0.0,0.0,0.0,0.0,0.0,0.0,0.0,0.0,0.0,3.568237973946961,-56.4,-29.1,3.2008087234658933,0.0,0.0,0.0,0.0,0.0,0.0,0.0,0.0,0.0,0.0,0.0,H,S,312
312,-,20,H,H,T,8.708,0.9285714285714286,"(False, 0.0)",A,313,21.0,20.85,20.85,1.84,1.84,20.73,20.73,0.13,0.13,19.02,19.02,1.999693591856356,-69.7,-31.4,2.1489067712336807,0.19811320754716985,19.2,19.2,4.2,4.2,29.2,29.2,0.3,0.3,29.3,29.3,H,A,313
313,-,15,H,T,T,9.867999999999999,1.1285714285714286,"(False, 0.0)",G,314,0.0,0.0,0.0,0.0,0.0,0.0,0.0,0.0,0.0,0.0,0.0,3.335783153411217,-51.4,-45.2,3.8005660805312695,0.0,0.0,0.0,0.0,0.0,0.0,0.0,0.0,0.0,inf,inf,H,G,314
314,-,15,C,T,T,12.288,0.7285714285714285,"(False, 0.0)",G,315,0.0,0.0,0.0,0.0,0.0,0.0,0.0,0.0,0.0,0.0,0.0,4.1780281354889235,-71.6,-36.9,4.296088940634009,0.0,0.0,0.0,0.0,0.0,0.0,0.0,0.0,0.0,inf,inf,H,G,315
315,-,10,H,H,T,12.877999999999997,1.4857142857142858,"(False, 0.0)",V,316,30.0,30.3,30.3,3.43,3.43,26.87,26.87,3.43,3.43,26.87,26.87,2.9027343774279433,-58.4,-43.5,2.2347261553006943,0.2112676056338028,19.9,19.9,8.3,8.3,23.3,23.3,9.3,9.3,24.3,24.3,H,V,316
316,-,10,H,H,T,16.477999999999998,1.1714285714285713,"(False, 0.0)",V,317,28.0,27.92,27.92,6.46,6.46,27.69,27.69,0.23,0.23,21.46,21.46,1.9996322569131584,-74.2,-42.1,2.126359015736507,0.19718309859154928,18.4,18.4,15.6,15.6,24.1,24.1,0.6,0.6,19.4,19.4,H,V,317
317,-,10,H,H,T,16.478,1.7714285714285711,"(False, 0.0)",Q,318,19.0,14.96,14.96,0.0,0.0,3.64,3.64,11.33,11.33,14.96,14.96,3.349817163137594,-63.9,-41.2,2.8959350675393183,0.09595959595959597,8.4,8.4,0.0,0.0,7.7,7.7,8.6,8.6,10.9,10.9,H,Q,318
318,-,5,H,H,T,16.444,1.7285714285714284,"(False, 0.0)",I,319,4.0,2.46,2.46,0.0,0.0,2.46,2.46,0.0,0.0,2.46,2.46,2.668519333233011,-63.5,-46.7,2.967993870895561,0.02366863905325444,1.4,1.4,0.0,0.0,1.8,1.8,0.0,0.0,1.8,1.8,H,I,319
319,-,0,H,H,T,15.284,1.6714285714285715,"(False, 0.0)",G,320,12.0,10.42,10.42,10.42,10.42,10.42,10.42,0.0,0.0,0.0,0.0,1.9996029147177232,-60.4,-40.2,2.0271038860440176,0.14285714285714285,12.8,12.8,12.8,12.8,28.6,28.6,0.0,0.0,inf,inf,H,G,320
320,-,0,H,H,T,16.674,1.3428571428571432,"(False, 0.0)",L,321,82.0,81.52,81.52,4.92,4.92,78.29,78.29,3.23,3.23,76.6,76.6,1.9994351240307155,-65.6,-35.8,1.8643719811605,0.5,45.4,45.4,12.4,12.4,55.0,55.0,8.7,8.7,54.8,54.8,H,L,321
321,-,5,H,H,T,15.644,2.1,"(False, 0.0)",T,322,17.0,18.42,18.42,2.8,2.8,14.68,14.68,3.73,3.73,15.61,15.61,1.9997261564109552,-64.4,-36.7,1.8865297383554624,0.11971830985915492,13.1,13.1,6.7,6.7,19.7,19.7,5.6,5.6,15.8,15.8,H,T,322
322,-,5,H,H,T,17.264,0.9571428571428571,"(False, 0.0)",L,323,0.0,1.06,1.06,0.0,0.0,1.06,1.06,0.0,0.0,1.06,1.06,3.686905737166248,-57.0,-35.5,3.749467843610258,0.0,0.6,0.6,0.0,0.0,0.7,0.7,0.0,0.0,0.8,0.8,H,L,323
323,-,0,H,H,T,15.697999999999999,0.37142857142857133,"(False, 0.0)",M,324,83.0,87.32,87.32,0.0,0.0,79.67,79.67,7.65,7.65,87.32,87.32,2.885934980767765,-55.6,-45.6,2.3860883713855685,0.4414893617021277,45.2,45.2,0.0,0.0,67.7,67.7,10.1,10.1,57.8,57.8,H,M,324
324,-,15,H,H,T,15.4,0.22857142857142848,"(False, 0.0)",A,325,67.0,64.38,64.38,26.06,26.06,43.6,43.6,20.77,20.77,38.31,38.31,1.9994919824766493,-68.0,-32.5,1.9358014631909608,0.6320754716981132,59.2,59.2,59.3,59.3,61.4,61.4,55.0,55.0,59.1,59.1,H,A,325
325,e,35,H,H,I,15.080000000000002,0.09999999999999977,"(False, 0.0)",E,326,11.0,11.86,11.86,4.59,4.59,4.22,4.22,7.64,7.64,7.27,7.27,1.999436706273907,-62.1,-15.8,1.8715458188565697,0.05670103092783505,6.8,6.8,10.9,10.9,8.2,8.2,6.2,6.2,5.5,5.5,T,E,326
326,-,20,H,H,I,15.315999999999999,-0.6285714285714287,"(False, 0.0)",R,327,71.0,70.63,70.63,14.95,14.95,12.27,12.27,58.36,58.36,55.68,55.68,1.9994942177081485,-143.3,-171.9,2.0979495131032966,0.2862903225806452,29.7,29.7,35.6,35.6,16.8,16.8,35.4,35.4,28.4,28.4,S,R,327
327,-,15,C,C,I,16.622,-0.6428571428571427,"(False, 0.0)",F,328,94.0,93.7,93.7,8.78,8.78,91.28,91.28,2.42,2.42,84.91,84.91,1.9995503450863952,-74.6,170.8,2.0152138045120123,0.4771573604060914,46.9,46.9,22.9,22.9,55.3,55.3,6.9,6.9,52.6,52.6,-,F,328
328,e,45,C,T,I,16.208,-1.4571428571428573,"(False, 0.0)",P,329,81.0,88.71,88.71,9.76,9.76,78.96,78.96,9.76,9.76,78.96,78.96,2.527320468359176,-48.1,-49.8,2.0560477727986948,0.5955882352941176,64.7,64.7,35.5,35.5,65.2,65.2,60.6,60.6,72.0,72.0,T,P,329
329,e,60,C,T,I,16.494,-1.0142857142857142,"(False, 0.0)",Y,330,79.0,77.91,77.91,10.92,10.92,38.01,38.01,39.91,39.91,66.99,66.99,1.9996858140440592,-72.8,-33.7,1.9292798884103797,0.35585585585585583,36.4,36.4,28.4,28.4,28.6,28.6,49.2,49.2,38.1,38.1,T,Y,330
330,e,40,C,C,I,13.213999999999999,-0.9285714285714287,"(False, 0.0)",A,331,0.0,0.0,0.0,0.0,0.0,0.0,0.0,0.0,0.0,0.0,0.0,3.953217676103809,-51.2,-34.0,3.6659836087052873,0.0,0.0,0.0,0.0,0.0,0.0,0.0,0.0,0.0,0.0,0.0,H,A,331
331,e,40,C,H,I,12.87,-1.0714285714285714,"(False, 0.0)",K,332,50.0,46.66,46.66,0.0,0.0,18.14,18.14,28.52,28.52,46.66,46.66,2.68083649202815,-53.2,-45.8,2.1266151371743747,0.24390243902439024,22.8,22.8,0.0,0.0,16.3,16.3,30.4,30.4,28.6,28.6,H,K,332
332,-,10,C,H,I,11.564,-0.9428571428571428,"(False, 0.0)",G,333,41.0,42.17,42.17,42.17,42.17,31.51,31.51,10.66,10.66,0.0,0.0,1.9995607695391728,-61.3,-54.0,1.7097818150720834,0.4880952380952381,52.0,52.0,52.0,52.0,86.5,86.5,23.9,23.9,inf,inf,H,G,333
333,-,25,C,H,I,12.418000000000001,-0.8142857142857142,"(False, 0.0)",K,334,52.0,54.7,54.7,10.23,10.23,52.21,52.21,2.49,2.49,44.47,44.47,1.999641077222034,-74.0,-29.1,2.0999294930545083,0.25365853658536586,26.7,26.7,24.4,24.4,47.0,47.0,2.7,2.7,27.3,27.3,H,K,334
334,-,0,H,H,I,9.956,-0.42857142857142855,"(False, 0.0)",A,335,0.0,0.0,0.0,0.0,0.0,0.0,0.0,0.0,0.0,0.0,0.0,4.625640103111172,-64.9,-42.6,4.630256457033254,0.0,0.0,0.0,0.0,0.0,0.0,0.0,0.0,0.0,0.0,0.0,H,A,335
335,-,5,H,H,I,13.556000000000001,-0.05714285714285716,"(False, 0.0)",T,336,41.0,36.09,36.09,3.4,3.4,18.48,18.48,17.61,17.61,32.69,32.69,2.6412589669649464,-66.8,-34.9,2.148462967367137,0.2887323943661972,25.7,25.7,8.1,8.1,24.8,24.8,26.6,26.6,33.1,33.1,H,T,336
336,-,0,H,H,I,14.020000000000001,-0.18571428571428575,"(False, 0.0)",G,337,25.0,29.35,29.35,29.35,29.35,26.7,26.7,2.65,2.65,0.0,0.0,1.9995503717580063,-65.3,-43.6,1.7820626858495503,0.2976190476190476,36.2,36.2,36.2,36.2,73.3,73.3,5.9,5.9,inf,inf,H,G,337
337,-,0,H,H,T,15.325999999999999,0.2571428571428571,"(False, 0.0)",I,338,52.0,55.09,55.09,2.8,2.8,55.05,55.05,0.04,0.04,52.29,52.29,1.999656586224168,-59.3,-38.1,2.0686559674616847,0.3076923076923077,31.3,31.3,6.8,6.8,39.6,39.6,0.1,0.1,39.0,39.0,H,I,338
338,-,0,H,H,T,14.065999999999999,0.2571428571428572,"(False, 0.0)",Y,339,2.0,1.57,1.57,0.0,0.0,1.57,1.57,0.0,0.0,1.57,1.57,3.6056291116194874,-58.7,-43.6,3.3202087505119167,0.009009009009009007,0.7,0.7,0.0,0.0,1.2,1.2,0.0,0.0,0.9,0.9,H,Y,339
339,-,5,H,H,T,15.686000000000002,0.29999999999999993,"(False, 0.0)",Y,340,85.0,92.42,92.42,0.0,0.0,67.59,67.59,24.83,24.83,92.42,92.42,2.4681801232464,-57.7,-44.8,2.0939473499329897,0.3828828828828829,43.2,43.2,0.0,0.0,50.8,50.8,30.6,30.6,52.6,52.6,H,Y,340
340,-,5,H,H,T,12.086,0.24285714285714285,"(False, 0.0)",S,341,61.0,56.69,56.69,4.27,4.27,34.62,34.62,22.07,22.07,52.43,52.43,1.999806083939104,-68.9,-45.7,1.835486125665789,0.4692307692307692,47.9,47.9,9.8,9.8,73.7,73.7,30.9,30.9,70.0,70.0,H,S,341
341,-,5,H,H,T,10.374,0.24285714285714285,"(False, 0.0)",A,342,36.0,36.77,36.77,11.03,11.03,31.97,31.97,4.8,4.8,25.74,25.74,1.9996679096190824,-62.1,-38.5,1.8130019651101923,0.33962264150943394,33.8,33.8,25.1,25.1,45.0,45.0,12.7,12.7,39.7,39.7,H,A,342
342,-,10,H,H,T,11.047999999999998,0.6857142857142857,"(False, 0.0)",G,343,0.0,0.0,0.0,0.0,0.0,0.0,0.0,0.0,0.0,0.0,0.0,2.6002793359516545,-64.9,-49.9,2.9764069430142226,0.0,0.0,0.0,0.0,0.0,0.0,0.0,0.0,0.0,inf,inf,H,G,343
343,-,15,H,H,T,11.453999999999999,0.7714285714285714,"(False, 0.0)",S,344,20.0,21.9,21.9,0.12,0.12,5.29,5.29,16.61,16.61,21.78,21.78,2.396392847784361,-68.9,-38.2,2.2014280603741536,0.15384615384615385,18.5,18.5,0.3,0.3,11.3,11.3,23.3,23.3,29.1,29.1,H,S,344
344,-,10,H,H,T,12.308,1.2857142857142858,"(False, 0.0)",I,345,49.0,49.94,49.94,5.24,5.24,46.6,46.6,3.34,3.34,44.7,44.7,1.999657112710292,-57.1,-36.6,1.8897351439872765,0.28994082840236685,28.4,28.4,12.6,12.6,33.6,33.6,9.1,9.1,33.3,33.3,H,I,345
345,-,5,H,H,T,15.588,0.9285714285714285,"(False, 0.0)",A,346,25.0,23.85,23.85,12.12,12.12,21.26,21.26,2.59,2.59,11.73,11.73,1.9995463967135616,-55.3,-19.6,1.9895528200572872,0.2358490566037736,21.9,21.9,27.6,27.6,29.9,29.9,6.9,6.9,18.1,18.1,G,A,346
346,-,15,H,H,T,16.848,1.6285714285714286,"(False, 0.0)",T,347,22.0,22.87,22.87,0.0,0.0,19.64,19.64,3.24,3.24,22.87,22.87,3.0969999639802546,-39.7,-9.9,2.5404482597947604,0.15492957746478872,16.3,16.3,0.0,0.0,26.4,26.4,4.9,4.9,23.2,23.2,G,T,347
347,-,10,H,H,T,16.848,1.514285714285714,"(False, 0.0)",F,348,89.0,84.58,84.58,1.03,1.03,84.58,84.58,0.0,0.0,83.55,83.55,1.9996809243806262,-56.3,-40.5,2.0521867448015483,0.4517766497461929,42.3,42.3,2.7,2.7,51.3,51.3,0.0,0.0,51.8,51.8,G,F,348
348,-,10,H,H,T,18.034,1.4142857142857144,"(False, 0.0)",T,349,18.0,17.77,17.77,0.59,0.59,16.53,16.53,1.25,1.25,17.18,17.18,2.3050455272092942,-68.1,-40.6,2.523124723352013,0.1267605633802817,12.6,12.6,1.4,1.4,22.2,22.2,1.9,1.9,17.4,17.4,I,T,349
349,-,5,H,H,T,19.160000000000004,1.7999999999999996,"(False, 0.0)",I,350,0.0,0.25,0.25,0.25,0.25,0.0,0.0,0.25,0.25,0.0,0.0,3.7563943086691434,-58.7,-56.9,3.4607011453921466,0.0,0.1,0.1,0.6,0.6,0.0,0.0,0.7,0.7,0.0,0.0,I,I,350
350,-,5,H,H,T,19.48,1.8,"(False, 0.0)",P,351,5.0,5.22,5.22,1.59,1.59,4.63,4.63,0.59,0.59,3.63,3.63,1.9993724385566591,-81.7,-49.1,2.1319261415705766,0.036764705882352935,3.8,3.8,5.8,5.8,3.8,3.8,3.7,3.7,3.3,3.3,I,P,351
351,-,15,H,H,T,19.48,1.6571428571428573,"(False, 0.0)",L,352,31.0,31.63,31.63,0.0,0.0,31.63,31.63,0.0,0.0,31.63,31.63,4.0152418556575284,-67.6,-58.0,2.878102534527927,0.18902439024390244,17.6,17.6,0.0,0.0,22.2,22.2,0.0,0.0,22.6,22.6,I,L,352
352,-,5,H,H,T,17.5,1.3,"(False, 0.0)",I,353,45.00000000000001,46.98,46.98,0.25,0.25,46.98,46.98,0.0,0.0,46.72,46.72,2.0001914123720432,-62.6,-43.3,2.339158225800957,0.26627218934911245,26.7,26.7,0.6,0.6,33.8,33.8,0.0,0.0,34.8,34.8,I,I,353
353,-,5,H,H,T,16.752,1.2,"(False, 0.0)",T,354,13.0,13.56,13.56,0.0,0.0,11.83,11.83,1.73,1.73,13.56,13.56,2.8214245208583075,-57.2,-44.0,2.3719091886255743,0.09154929577464788,9.6,9.6,0.0,0.0,15.9,15.9,2.6,2.6,13.7,13.7,H,T,354
354,-,5,H,H,T,16.752,1.3142857142857145,"(False, 0.0)",A,355,15.0,16.4,16.4,4.41,4.41,16.4,16.4,0.0,0.0,11.99,11.99,1.9996383413614975,-63.1,-41.5,2.164685169653892,0.14150943396226415,15.1,15.1,10.0,10.0,23.1,23.1,0.0,0.0,18.5,18.5,H,A,355
355,-,15,H,H,O,14.366,0.27142857142857135,"(False, 0.0)",H,356,100.0,96.44,96.44,1.56,1.56,51.9,51.9,44.54,44.54,94.88,94.88,1.9996039441796172,-63.5,-34.2,1.858795068555036,0.5434782608695652,52.7,52.7,4.0,4.0,53.5,53.5,51.8,51.8,66.0,66.0,H,H,356
356,-,5,H,H,O,14.101999999999999,-1.0142857142857145,"(False, 0.0)",L,357,34.0,37.54,37.54,4.68,4.68,37.04,37.04,0.5,0.5,32.86,32.86,1.9996387521407897,-64.6,-21.3,2.1970060352066163,0.2073170731707317,20.9,20.9,11.8,11.8,26.0,26.0,1.3,1.3,23.5,23.5,H,L,357
357,-,15,H,H,O,14.657999999999998,-1.0285714285714287,"(False, 0.0)",S,358,36.0,37.42,37.42,11.3,11.3,21.66,21.66,15.76,15.76,26.12,26.12,2.563069590059601,-84.5,-19.2,2.055747664523176,0.2769230769230769,31.6,31.6,26.0,26.0,46.1,46.1,22.1,22.1,34.9,34.9,H,S,358
358,e,35,H,H,O,13.813999999999998,-0.6428571428571429,"(False, 0.0)",Q,359,118.0,108.75,108.75,34.33,34.33,26.45,26.45,82.3,82.3,74.43,74.43,1.9995365978308168,-60.3,-47.0,1.7996634530889466,0.5959595959595959,60.8,60.8,81.7,81.7,56.3,56.3,62.4,62.4,54.4,54.4,H,Q,359
359,-,25,C,H,O,13.813999999999998,0.07142857142857155,"(False, 0.0)",R,360,187.0,187.33,187.33,37.02,37.02,74.9,74.9,112.43,112.43,150.3,150.3,1.999562809552367,-66.2,-50.6,1.854608519577425,0.7540322580645161,78.7,78.7,88.1,88.1,102.4,102.4,68.1,68.1,76.6,76.6,H,R,360
360,e,30,C,C,O,14.219999999999999,-0.9714285714285714,"(False, 0.0)",S,361,49.0,50.79,50.79,9.39,9.39,42.22,42.22,8.56,8.56,41.4,41.4,1.999517331919596,-162.0,168.8,1.9819830223313468,0.3769230769230769,42.9,42.9,21.6,21.6,89.9,89.9,12.0,12.0,55.2,55.2,-,S,361
361,-,15,H,H,O,13.666,-0.21428571428571427,"(False, 0.0)",I,362,62.0,63.15,63.15,3.8,3.8,59.55,59.55,3.6,3.6,59.35,59.35,1.9998284951795864,-82.3,-46.6,2.015596061774124,0.3668639053254438,35.9,35.9,9.2,9.2,42.9,42.9,9.8,9.8,44.2,44.2,S,I,362
362,-,25,H,H,O,15.089999999999998,0.5571428571428572,"(False, 0.0)",A,363,72.0,74.55,74.55,10.19,10.19,72.73,72.73,1.82,1.82,64.36,64.36,1.9996164613744205,-60.5,-34.1,1.8283162078585165,0.6792452830188679,68.5,68.5,23.2,23.2,102.4,102.4,4.8,4.8,99.3,99.3,T,A,363
363,-,15,H,H,O,16.445999999999998,1.0714285714285714,"(False, 0.0)",D,364,51.00000000000001,45.94,45.94,5.87,5.87,14.92,14.92,31.02,31.02,40.07,40.07,1.999402764114182,-59.0,-17.3,1.9208531357545235,0.3128834355828221,32.2,32.2,13.9,13.9,35.1,35.1,30.9,30.9,39.9,39.9,H,D,364
364,-,10,H,H,T,16.5,1.5857142857142856,"(False, 0.0)",I,365,7.000000000000001,9.85,9.85,0.0,0.0,9.85,9.85,0.0,0.0,9.85,9.85,3.77679377926248,-62.5,-48.4,2.8282872413565223,0.04142011834319527,5.6,5.6,0.0,0.0,7.1,7.1,0.0,0.0,7.3,7.3,H,I,365
365,-,10,H,H,T,18.16,0.4428571428571428,"(False, 0.0)",M,366,35.0,42.54,42.54,0.0,0.0,42.54,42.54,0.0,0.0,42.54,42.54,1.9998601689876836,-68.7,-30.0,2.373757810612432,0.18617021276595744,22.0,22.0,0.0,0.0,36.2,36.2,0.0,0.0,28.2,28.2,H,M,366
366,-,10,H,H,T,18.16,0.08571428571428559,"(False, 0.0)",W,367,176.0,171.75,171.75,0.0,0.0,147.06,147.06,24.69,24.69,171.75,171.75,2.387665133267272,-58.1,-45.4,2.0038110644401206,0.7753303964757711,68.9,68.9,0.0,0.0,78.4,78.4,40.1,40.1,83.1,83.1,H,W,367
367,-,15,H,H,T,17.034,0.8428571428571427,"(False, 0.0)",F,368,52.99999999999999,53.18,53.18,1.9,1.9,53.18,53.18,0.0,0.0,51.28,51.28,1.99988212787804,-65.8,-46.2,2.3233343393197194,0.26903553299492383,26.6,26.6,5.0,5.0,32.2,32.2,0.0,0.0,31.8,31.8,H,F,368
368,-,20,H,H,T,16.084000000000003,0.8428571428571429,"(False, 0.0)",D,369,30.0,24.02,24.02,0.28,0.28,3.68,3.68,20.34,20.34,23.75,23.75,2.9353495009874746,-69.1,-44.7,2.180904279817644,0.1840490797546012,16.8,16.8,0.7,0.7,8.7,8.7,20.3,20.3,23.6,23.6,H,D,369
369,-,15,H,H,T,16.029999999999998,0.8285714285714284,"(False, 0.0)",T,370,19.0,19.88,19.88,4.43,4.43,14.84,14.84,5.04,5.04,15.46,15.46,1.9995396528843048,-64.7,-41.7,1.8562652370154185,0.13380281690140844,14.1,14.1,10.5,10.5,19.9,19.9,7.6,7.6,15.7,15.7,H,T,370
370,-,15,H,H,T,14.37,1.2142857142857142,"(False, 0.0)",A,371,37.0,38.25,38.25,7.11,7.11,37.27,37.27,0.98,0.98,31.14,31.14,1.9996223658011232,-65.3,-42.2,1.8899578856313888,0.3490566037735849,35.2,35.2,16.2,16.2,52.5,52.5,2.6,2.6,48.1,48.1,H,A,371
371,-,20,H,H,T,14.333999999999998,1.457142857142857,"(False, 0.0)",I,372,11.0,10.92,10.92,2.38,2.38,10.92,10.92,0.0,0.0,8.54,8.54,1.999447449990687,-60.7,-41.9,2.7140895816650943,0.0650887573964497,6.2,6.2,5.7,5.7,7.9,7.9,0.0,0.0,6.4,6.4,H,I,372
372,-,20,H,H,T,15.459999999999999,1.9000000000000001,"(False, 0.0)",A,373,11.0,13.48,13.48,2.01,2.01,12.67,12.67,0.81,0.81,11.48,11.48,1.9994182438392258,-59.5,-38.4,2.0580594923178848,0.10377358490566037,12.4,12.4,4.6,4.6,17.8,17.8,2.1,2.1,17.7,17.7,H,A,373
373,-,20,H,H,T,13.839999999999998,2.4,"(False, 0.0)",A,374,48.0,47.37,47.37,8.06,8.06,46.3,46.3,1.06,1.06,39.31,39.31,1.9994630274540373,-57.4,-42.2,1.9222322004205763,0.4528301886792453,43.6,43.6,18.3,18.3,65.2,65.2,2.8,2.8,60.7,60.7,H,A,374
374,-,20,H,H,T,13.52,2.685714285714286,"(False, 0.0)",I,375,82.0,85.45,85.45,0.0,0.0,85.45,85.45,0.0,0.0,85.45,85.45,2.965164334394556,-64.6,-39.3,2.3775166400920087,0.485207100591716,48.6,48.6,0.0,0.0,61.5,61.5,0.0,0.0,63.7,63.7,H,I,375
375,-,20,H,H,T,15.5,2.585714285714286,"(False, 0.0)",G,376,0.0,0.0,0.0,0.0,0.0,0.0,0.0,0.0,0.0,0.0,0.0,2.59920507256026,-56.7,-41.2,3.279857263815927,0.0,0.0,0.0,0.0,0.0,0.0,0.0,0.0,0.0,inf,inf,H,G,376
376,-,20,H,H,T,17.479999999999997,2.585714285714286,"(False, 0.0)",F,377,66.0,65.61,65.61,0.0,0.0,65.61,65.61,0.0,0.0,65.61,65.61,3.0021786264898536,-62.9,-52.2,2.353351427302232,0.3350253807106599,32.8,32.8,0.0,0.0,39.8,39.8,0.0,0.0,40.6,40.6,H,F,377
377,-,20,H,H,T,15.5,2.8714285714285714,"(False, 0.0)",L,378,91.0,94.53,94.53,0.07,0.07,94.53,94.53,0.0,0.0,94.46,94.46,2.253466487163576,-61.6,-41.6,2.1417861571722687,0.5548780487804879,52.6,52.6,0.2,0.2,66.4,66.4,0.0,0.0,67.6,67.6,H,L,378
378,-,15,H,H,T,19.1,2.6285714285714286,"(False, 0.0)",L,379,22.0,21.88,21.88,1.66,1.66,21.83,21.83,0.06,0.06,20.22,20.22,1.999834072045932,-64.0,-39.3,2.1793027090483235,0.13414634146341464,12.2,12.2,4.2,4.2,15.3,15.3,0.2,0.2,14.5,14.5,H,L,379
379,-,10,H,H,T,19.1,3.3285714285714287,"(False, 0.0)",A,380,2.0,2.53,2.53,1.55,1.55,2.48,2.48,0.05,0.05,0.99,0.99,1.9997596203345769,-59.6,-37.6,2.1718989417643018,0.018867924528301886,2.3,2.3,3.5,3.5,3.5,3.5,0.1,0.1,1.5,1.5,H,A,380
380,-,10,H,H,T,19.1,2.8714285714285714,"(False, 0.0)",L,381,51.0,52.53,52.53,0.0,0.0,52.53,52.53,0.0,0.0,52.53,52.53,3.0885041162381066,-62.4,-43.8,2.558098782728832,0.3109756097560976,29.3,29.3,0.0,0.0,36.9,36.9,0.0,0.0,37.6,37.6,H,L,381
381,-,15,H,H,T,15.5,2.8714285714285714,"(False, 0.0)",F,382,108.0,105.26,105.26,0.21,0.21,105.13,105.13,0.14,0.14,105.06,105.06,2.4847064170112567,-59.0,-45.3,2.016697348575978,0.5482233502538071,52.7,52.7,0.5,0.5,63.7,63.7,0.4,0.4,65.1,65.1,H,F,382
382,-,10,H,H,T,17.48,1.6857142857142855,"(False, 0.0)",I,383,12.0,14.12,14.12,1.18,1.18,14.12,14.12,0.0,0.0,12.94,12.94,1.9994515324944204,-61.9,-45.0,2.170061407397407,0.07100591715976333,8.0,8.0,2.8,2.8,10.2,10.2,0.0,0.0,9.6,9.6,H,I,383
383,-,20,H,H,T,16.056,1.3142857142857145,"(False, 0.0)",G,384,18.0,16.05,16.05,16.05,16.05,12.12,12.12,3.93,3.93,0.0,0.0,1.9994301428893133,-71.3,-61.0,1.7978122927112803,0.21428571428571427,19.8,19.8,19.8,19.8,33.3,33.3,8.8,8.8,inf,inf,H,G,384
384,-,20,H,H,T,13.989999999999998,0.1285714285714285,"(False, 0.0)",L,385,100.0,101.63,101.63,8.19,8.19,99.59,99.59,2.04,2.04,93.44,93.44,1.9994237264801784,-75.1,-48.2,1.9024404057637787,0.6097560975609756,56.6,56.6,20.6,20.6,69.9,69.9,5.5,5.5,66.8,66.8,T,L,385
385,-,25,H,H,T,12.565999999999999,-0.8285714285714286,"(False, 0.0)",R,386,116.0,110.98,110.98,3.93,3.93,25.91,25.91,85.08,85.08,107.05,107.05,1.9996617417143976,-52.7,161.8,1.9801006413980724,0.4677419354838709,46.6,46.6,9.3,9.3,35.4,35.4,51.6,51.6,54.6,54.6,S,R,386
386,-,20,H,H,T,15.028,-2.028571428571429,"(False, 0.0)",S,387,47.0,52.4,52.4,11.17,11.17,37.06,37.06,15.34,15.34,41.23,41.23,1.9996273008489531,-54.7,-17.5,1.7799401602865992,0.3615384615384615,44.3,44.3,25.7,25.7,78.9,78.9,21.5,21.5,55.0,55.0,H,S,387
387,e,45,H,H,I,13.89,-2.0714285714285716,"(False, 0.0)",R,388,97.0,93.31,93.31,4.72,4.72,15.5,15.5,77.8,77.8,88.59,88.59,1.999532280648331,-60.9,-70.2,1.9294525498552848,0.3911290322580645,39.2,39.2,11.2,11.2,21.2,21.2,47.2,47.2,45.2,45.2,H,R,388
388,e,50,H,H,I,14.187999999999999,-3.2571428571428567,"(False, 0.0)",K,389,87.0,83.89,83.89,0.44,0.44,46.43,46.43,37.47,37.47,83.45,83.45,2.6290418820446813,-70.7,-43.6,2.281013758642619,0.42439024390243896,40.9,40.9,1.0,1.0,41.8,41.8,39.9,39.9,51.2,51.2,H,K,389
389,e,30,H,H,I,15.15,-3.0714285714285716,"(True, 0.9091)",K,390,116.0,113.44,113.44,2.52,2.52,62.65,62.65,50.79,50.79,110.93,110.93,1.9998422165468583,-64.1,-46.8,2.148729815456867,0.5658536585365853,55.3,55.3,6.0,6.0,56.4,56.4,54.1,54.1,68.1,68.1,H,K,390
390,e,30,H,H,I,15.032,-3.4142857142857146,"(False, 0.0)",T,391,79.0,74.61,74.61,5.35,5.35,60.4,60.4,14.21,14.21,69.26,69.26,1.9994808281993528,-63.2,-37.6,1.8797745822515768,0.5563380281690141,53.1,53.1,12.8,12.8,81.1,81.1,21.5,21.5,70.2,70.2,H,T,391
391,e,45,H,H,I,14.628,-2.885714285714286,"(False, 0.0)",R,392,110.0,105.16,105.16,12.13,12.13,53.61,53.61,51.55,51.55,93.03,93.03,1.99993548515028,-61.5,-27.6,1.8149994090594768,0.4435483870967742,44.2,44.2,28.9,28.9,73.3,73.3,31.2,31.2,47.4,47.4,H,R,392
392,e,50,H,H,I,13.38,-1.7857142857142858,"(False, 0.0)",H,393,100.0,99.0,99.0,7.64,7.64,60.9,60.9,38.1,38.1,91.36,91.36,1.9993395016876685,-60.5,-34.5,1.841559571568634,0.5434782608695652,54.1,54.1,19.5,19.5,62.8,62.8,44.3,44.3,63.5,63.5,H,H,393
393,e,50,H,H,I,14.506,-1.7857142857142858,"(False, 0.0)",H,394,136.0,134.61,134.61,12.84,12.84,87.0,87.0,47.61,47.61,121.76,121.76,1.9994291290408368,-59.7,-34.7,1.8524637230695096,0.7391304347826086,73.6,73.6,32.9,32.9,89.7,89.7,55.4,55.4,84.6,84.6,H,H,394
394,e,40,H,H,I,14.791999999999998,-2.185714285714286,"(False, 0.0)",S,395,53.0,50.1,50.1,9.92,9.92,36.15,36.15,13.95,13.95,40.18,40.18,1.9993588119918173,-66.2,-9.8,1.8182175580746336,0.4076923076923077,42.3,42.3,22.9,22.9,77.0,77.0,19.5,19.5,53.6,53.6,G,S,395
395,e,45,H,H,I,14.768,-2.042857142857143,"(False, 0.0)",L,396,93.0,102.62,102.62,5.6,5.6,99.86,99.86,2.76,2.76,97.02,97.02,1.9994643848994689,-59.6,-27.1,1.864358022161968,0.5670731707317073,57.1,57.1,14.1,14.1,70.1,70.1,7.4,7.4,69.4,69.4,G,L,396
396,e,55,C,H,I,14.594,-0.9857142857142858,"(False, 0.0)",K,397,158.0,154.59,154.59,14.52,14.52,116.1,116.1,38.49,38.49,140.07,140.07,1.9994110391684496,-57.2,-32.7,1.9851047307676548,0.7707317073170732,75.4,75.4,34.6,34.6,104.5,104.5,41.0,41.0,85.9,85.9,G,K,397
397,e,55,C,H,I,17.014,-0.27142857142857146,"(False, 0.0)",E,398,100.0,97.22,97.22,2.23,2.23,28.45,28.45,68.77,68.77,94.99,94.99,1.9997312784963104,-60.8,-33.6,1.8153452746985528,0.5154639175257731,55.8,55.8,5.3,5.3,55.0,55.0,56.1,56.1,71.9,71.9,G,E,398
398,e,50,C,T,I,15.034,-0.3857142857142857,"(False, 0.0)",N,399,88.0,80.64,80.64,10.22,10.22,23.56,23.56,57.08,57.08,70.42,70.42,1.999614545633377,-56.1,-35.3,1.8333515010388144,0.5605095541401274,55.6,55.6,24.6,24.6,56.7,56.7,55.2,55.2,68.1,68.1,G,N,399
399,-,20,C,C,I,15.378,-0.9857142857142854,"(False, 0.0)",V,400,90.0,91.17,91.17,10.63,10.63,87.75,87.75,3.42,3.42,80.54,80.54,1.9995304378435892,-61.2,-29.6,1.8661712830521824,0.6338028169014085,60.0,60.0,25.6,25.6,76.2,76.2,9.3,9.3,72.9,72.9,G,V,400
400,e,55,C,C,I,13.344,-0.48571428571428565,"(False, 0.0)",A,401,82.0,83.19,83.19,35.95,35.95,57.65,57.65,25.54,25.54,47.25,47.25,1.9997068518532617,-57.4,-42.6,1.8970798236088782,0.7735849056603774,76.5,76.5,81.8,81.8,81.2,81.2,67.7,67.7,72.9,72.9,T,A,401
401,e,50,C,T,I,11.459999999999999,inf,"(False, 0.0)",P,402,117.0,120.98,120.98,43.6,43.6,87.93,87.93,33.05,33.05,77.38,77.38,1.999513329830067,-64.0,-27.0,1.8750371723532235,0.8602941176470589,88.2,88.2,158.5,158.5,72.6,72.6,205.4,205.4,70.5,70.5,T,P,402
402,e,70,C,T,I,inf,inf,"(False, 0.0)",G,403,41.0,42.98,42.98,42.98,42.98,33.13,33.13,9.85,9.85,0.0,0.0,1.9994406751498397,-170.0,147.1,1.7096293886806464,0.4880952380952381,53.0,53.0,53.0,53.0,90.9,90.9,22.1,22.1,inf,inf,-,G,403
403,e,90,C,C,I,inf,inf,"(False, 0.0)",G,404,84.0,132.6,132.6,132.6,132.6,39.49,39.49,93.11,93.11,0.0,0.0,1.9993939118232111,-68.1,360.0,1.6475572439272317,1.0,163.5,163.5,163.5,163.5,108.4,108.4,208.5,208.5,inf,inf,-,G,404
