,seq_RSA-accpro,seq_RSA-accpro20,seq_SS-sspro,seq_SS-sspro8,seq_TM-tmhmm,seq_bulkiness-window5-biop,seq_kd_hydrophobicity-window7-biop,seq_predicted_carbonylated-carspred,seq_residue,seq_resnum,struct_ASA-dssp,struct_ASA_ALL-freesasa_het,struct_ASA_ALL-freesasa_nohet,struct_ASA_BACKBONE-freesasa_het,struct_ASA_BACKBONE-freesasa_nohet,struct_ASA_NONPOLAR-freesasa_het,struct_ASA_NONPOLAR-freesasa_nohet,struct_ASA_POLAR-freesasa_het,struct_ASA_POLAR-freesasa_nohet,struct_ASA_RESIDUE-freesasa_het,struct_ASA_RESIDUE-freesasa_nohet,struct_CA_DEPTH-msms,struct_PHI-dssp,struct_PSI-dssp,struct_RES_DEPTH-msms,struct_RSA-dssp,struct_RSA_ALL-freesasa_het,struct_RSA_ALL-freesasa_nohet,struct_RSA_BACKBONE-freesasa_het,struct_RSA_BACKBONE-freesasa_nohet,struct_RSA_NONPOLAR-freesasa_het,struct_RSA_NONPOLAR-freesasa_nohet,struct_RSA_POLAR-freesasa_het,struct_RSA_POLAR-freesasa_nohet,struct_RSA_RESIDUE-freesasa_het,struct_RSA_RESIDUE-freesasa_nohet,struct_SS-dssp,struct_residue,struct_resnum
0,e,70,C,C,I,inf,inf,"(False, 0.0)",M,1,,,,,,,,,,,,,,,,,,,,,,,,,,,,,
1,e,60,C,C,I,inf,inf,"(False, 0.0)",K,2,,,,,,,,,,,,,,,,,,,,,,,,,,,,,
2,-,20,C,C,I,16.612000000000002,inf,"(False, 0.0)",F,3,192.0,188.61,188.61,32.99,32.99,155.62,155.62,32.99,32.99,155.62,155.62,2.306909754211695,360.0,-85.3,1.9849604317675196,0.9746192893401016,94.4,94.4,85.8,85.8,94.4,94.4,94.4,94.4,96.4,96.4,-,F,3.0
3,-,10,H,E,I,17.642,1.7142857142857142,"(False, 0.0)",F,4,13.0,12.79,12.79,2.74,2.74,10.05,10.05,2.74,2.74,10.05,10.05,2.4041728820720256,-48.0,-50.2,3.0473500183578706,0.06598984771573604,6.4,6.4,7.1,7.1,6.1,6.1,7.8,7.8,6.2,6.2,H,F,4.0
4,e,40,H,H,I,18.46,2.085714285714286,"(False, 0.0)",A,5,43.0,44.17,44.17,1.75,1.75,42.82,42.82,1.36,1.36,42.43,42.43,2.5858657069089883,-60.8,-37.6,1.9520181529687242,0.4056603773584906,40.6,40.6,4.0,4.0,60.3,60.3,3.6,3.6,65.5,65.5,H,A,5.0
5,-,15,H,H,I,18.78,2.457142857142857,"(False, 0.0)",L,6,84.0,85.92,85.92,7.09,7.09,83.92,83.92,2.0,2.0,78.83,78.83,1.9998358265140848,-60.7,-42.1,2.2851634227631603,0.5121951219512195,47.9,47.9,17.8,17.8,58.9,58.9,5.4,5.4,56.4,56.4,H,L,6.0
6,-,5,H,H,T,18.426,1.4142857142857144,"(False, 0.0)",F,7,34.0,32.85,32.85,0.0,0.0,32.85,32.85,0.0,0.0,32.85,32.85,3.987603437988009,-76.9,-22.1,3.312892048044496,0.17258883248730966,16.4,16.4,0.0,0.0,19.9,19.9,0.0,0.0,20.3,20.3,H,F,7.0
7,-,10,C,E,T,18.982,0.7857142857142857,"(False, 0.0)",I,8,2.0,1.9,1.9,1.36,1.36,0.54,0.54,1.36,1.36,0.54,0.54,3.6527055146042615,-65.0,-42.2,3.659360120653122,0.01183431952662722,1.1,1.1,3.3,3.3,0.4,0.4,3.7,3.7,0.4,0.4,H,I,8.0
8,e,45,C,H,T,18.188,1.1285714285714286,"(False, 0.0)",Y,9,150.0,143.49,143.49,27.74,27.74,91.99,91.99,51.51,51.51,115.75,115.75,1.9997134242513508,-85.1,-1.2,1.8816486371715404,0.6756756756756757,67.0,67.0,72.2,72.2,69.1,69.1,63.5,63.5,65.9,65.9,S,Y,9.0
9,-,30,C,C,T,18.542,0.8428571428571426,"(False, 0.0)",R,10,120.0,112.9,112.9,4.61,4.61,37.79,37.79,75.11,75.11,108.28,108.28,1.9999770495394396,-130.0,73.0,2.0231949342956157,0.4838709677419355,47.4,47.4,11.0,11.0,51.6,51.6,45.5,45.5,55.2,55.2,-,R,10.0
10,e,35,H,H,T,16.562,0.34285714285714286,"(False, 0.0)",P,11,32.0,34.04,34.04,0.0,0.0,34.04,34.04,0.0,0.0,34.04,34.04,2.8528811686246605,-67.3,-40.3,2.3281060216840914,0.2352941176470588,24.8,24.8,0.0,0.0,28.1,28.1,0.0,0.0,31.0,31.0,H,P,11.0
11,-,10,H,H,T,16.11,0.3428571428571429,"(False, 0.0)",V,12,114.0,116.31,116.31,1.09,1.09,115.22,115.22,1.09,1.09,115.22,115.22,2.348458581573178,-71.3,-36.0,1.9378143581928005,0.8028169014084507,76.5,76.5,2.6,2.6,100.1,100.1,3.0,3.0,104.3,104.3,H,V,12.0
12,-,5,H,H,T,17.534,1.0714285714285714,"(False, 0.0)",A,13,48.0,47.42,47.42,16.09,16.09,38.96,38.96,8.46,8.46,31.33,31.33,1.9994607813777008,-59.0,-43.5,1.8248518699708696,0.4528301886792453,43.6,43.6,36.6,36.6,54.9,54.9,22.4,22.4,48.4,48.4,H,A,13.0
13,-,0,H,H,T,18.328,2.257142857142857,"(False, 0.0)",T,14,0.0,0.0,0.0,0.0,0.0,0.0,0.0,0.0,0.0,0.0,0.0,3.255737907489977,-61.4,-44.9,3.8274507834981697,0.0,0.0,0.0,0.0,0.0,0.0,0.0,0.0,0.0,0.0,0.0,H,T,14.0
14,-,5,H,H,T,18.294,2.3714285714285714,"(False, 0.0)",I,15,83.0,82.71,82.71,0.1,0.1,82.71,82.71,0.0,0.0,82.61,82.61,2.423266112636228,-62.3,-40.7,2.2683123959520497,0.4911242603550296,47.1,47.1,0.2,0.2,59.6,59.6,0.0,0.0,61.5,61.5,H,I,15.0
15,-,5,H,H,T,17.887999999999998,2.3714285714285714,"(False, 0.0)",L,16,108.0,109.92,109.92,4.72,4.72,109.69,109.69,0.23,0.23,105.2,105.2,1.9996657119470855,-56.8,-47.1,1.9854618129719608,0.6585365853658537,61.2,61.2,11.9,11.9,77.0,77.0,0.6,0.6,75.3,75.3,H,L,16.0
16,-,10,H,H,T,19.048000000000002,2.371428571428571,"(False, 0.0)",L,17,76.0,76.69,76.69,0.0,0.0,76.69,76.69,0.0,0.0,76.69,76.69,2.3608586682458648,-59.2,-43.5,2.3751094196696485,0.4634146341463415,42.7,42.7,0.0,0.0,53.9,53.9,0.0,0.0,54.9,54.9,H,L,17.0
17,-,15,H,H,T,17.068,3.1142857142857143,"(False, 0.0)",S,18,8.0,7.88,7.88,0.31,0.31,4.67,4.67,3.21,3.21,7.57,7.57,2.655335477961585,-63.6,-41.7,2.4491891346918773,0.061538461538461535,6.7,6.7,0.7,0.7,9.9,9.9,4.5,4.5,10.1,10.1,H,S,18.0
18,-,10,H,H,T,17.068,2.3714285714285714,"(False, 0.0)",V,19,83.0,85.67,85.67,1.57,1.57,85.25,85.25,0.43,0.43,84.1,84.1,1.9996448828487756,-60.3,-43.6,1.9147636943940292,0.5845070422535211,56.4,56.4,3.8,3.8,74.1,74.1,1.2,1.2,76.1,76.1,H,V,19.0
19,-,10,H,H,T,15.942000000000002,2.371428571428571,"(False, 0.0)",A,20,40.0,38.67,38.67,5.07,5.07,38.34,38.34,0.33,0.33,33.6,33.6,1.9998239959333133,-64.2,-44.4,1.8120338640139213,0.37735849056603776,35.6,35.6,11.5,11.5,54.0,54.0,0.9,0.9,51.8,51.8,H,A,20.0
20,-,10,H,H,T,18.327999999999996,2.1857142857142855,"(False, 0.0)",I,21,48.0,47.19,47.19,1.96,1.96,47.01,47.01,0.17,0.17,45.23,45.23,1.9996779785006824,-60.5,-43.6,2.1222134654246028,0.2840236686390533,26.9,26.9,4.7,4.7,33.9,33.9,0.5,0.5,33.7,33.7,H,I,21.0
21,-,15,H,H,T,16.705999999999996,2.242857142857143,"(False, 0.0)",T,22,32.0,30.4,30.4,0.0,0.0,25.92,25.92,4.48,4.48,30.4,30.4,3.1153729721031604,-60.3,-45.8,2.551150173468272,0.22535211267605634,21.6,21.6,0.0,0.0,34.8,34.8,6.8,6.8,30.8,30.8,H,T,22.0
22,-,15,H,H,T,15.086000000000002,2.2857142857142856,"(False, 0.0)",L,23,90.0,89.61,89.61,0.17,0.17,89.61,89.61,0.0,0.0,89.45,89.45,1.9996769427894088,-61.8,-42.2,2.167511492814774,0.5487804878048781,49.9,49.9,0.4,0.4,62.9,62.9,0.0,0.0,64.0,64.0,H,L,23.0
23,-,15,H,H,T,15.086000000000002,2.5714285714285716,"(False, 0.0)",C,24,71.0,67.89,67.89,8.52,8.52,11.72,11.72,56.17,56.17,59.37,59.37,1.9995295220403373,-58.4,-43.1,1.9809886786338984,0.5259259259259259,51.4,51.4,20.0,20.0,29.7,29.7,60.6,60.6,66.2,66.2,H,C,24.0
24,-,5,H,H,T,16.212,1.8714285714285714,"(False, 0.0)",G,25,1.0,0.65,0.65,0.65,0.65,0.0,0.0,0.65,0.65,0.0,0.0,2.831130465418497,-80.7,-23.0,2.316527292032157,0.011904761904761904,0.8,0.8,0.8,0.8,0.0,0.0,1.5,1.5,inf,inf,H,G,25.0
25,-,10,H,H,T,12.611999999999998,2.3714285714285714,"(False, 0.0)",I,26,56.00000000000001,57.9,57.9,2.75,2.75,57.63,57.63,0.27,0.27,55.15,55.15,1.9996570017316129,-63.0,-44.5,2.018531941757205,0.33136094674556216,32.9,32.9,6.6,6.6,41.5,41.5,0.7,0.7,41.1,41.1,H,I,26.0
26,-,15,H,H,T,13.88,1.1857142857142857,"(False, 0.0)",L,27,78.0,78.72,78.72,1.32,1.32,78.09,78.09,0.63,0.63,77.4,77.4,2.5696248230613588,-62.5,-43.1,2.143399600882033,0.475609756097561,43.8,43.8,3.3,3.3,54.8,54.8,1.7,1.7,55.4,55.4,H,L,27.0
27,-,0,H,E,T,16.056,1.0999999999999999,"(False, 0.0)",G,28,2.0,3.4,3.4,3.4,3.4,1.92,1.92,1.48,1.48,0.0,0.0,1.9995550921770584,-50.2,-55.3,2.291783016046275,0.023809523809523808,4.2,4.2,4.2,4.2,5.3,5.3,3.3,3.3,inf,inf,H,G,28.0
28,-,10,H,E,T,15.026,1.6999999999999997,"(False, 0.0)",F,29,100.0,104.14,104.14,14.71,14.71,90.0,90.0,14.15,14.15,89.43,89.43,2.0000845562039555,-60.5,-38.5,1.9735789617279695,0.5076142131979695,52.1,52.1,38.3,38.3,54.6,54.6,40.5,40.5,55.4,55.4,H,F,29.0
29,e,25,H,H,O,15.026,0.8285714285714284,"(False, 0.0)",R,30,187.0,179.55,179.55,36.77,36.77,50.03,50.03,129.52,129.52,142.78,142.78,1.9998223788553424,-72.9,-17.5,1.8864974671568155,0.7540322580645161,75.4,75.4,87.5,87.5,68.4,68.4,78.5,78.5,72.8,72.8,H,R,30.0
30,e,40,C,T,O,17.832,0.8857142857142856,"(False, 0.0)",M,31,146.0,150.05,150.05,31.4,31.4,98.42,98.42,51.62,51.62,118.65,118.65,1.9994470552769843,-130.0,-6.7,1.8706760139223528,0.7765957446808509,77.7,77.7,74.8,74.8,83.7,83.7,68.4,68.4,78.5,78.5,H,M,31.0
31,-,10,C,C,O,18.186,1.1999999999999997,"(False, 0.0)",L,32,18.0,17.58,17.58,12.75,12.75,5.09,5.09,12.49,12.49,4.83,4.83,1.9996726167531824,-65.0,144.6,2.1335179162629703,0.1097560975609756,9.8,9.8,32.1,32.1,3.6,3.6,33.6,33.6,3.5,3.5,S,L,32.0
32,e,45,C,C,O,17.630000000000003,0.5714285714285714,"(False, 0.0)",P,33,65.0,69.12,69.12,5.17,5.17,68.31,68.31,0.81,0.81,63.95,63.95,1.9994699839703276,-50.1,140.1,2.0650773270396803,0.4779411764705882,50.4,50.4,18.8,18.8,56.4,56.4,5.0,5.0,58.3,58.3,-,P,33.0
33,-,20,H,C,O,17.865999999999996,1.7571428571428567,"(False, 0.0)",V,34,38.0,39.68,39.68,0.0,0.0,39.68,39.68,0.0,0.0,39.68,39.68,2.8141975414944174,-133.6,121.8,2.5275604171662827,0.2676056338028169,26.1,26.1,0.0,0.0,34.5,34.5,0.0,0.0,35.9,35.9,B,V,34.0
34,e,50,C,C,O,17.866,1.2571428571428573,"(False, 0.0)",A,35,16.0,17.43,17.43,0.0,0.0,17.43,17.43,0.0,0.0,17.43,17.43,2.9477248786565937,-156.7,167.2,3.2241436502705683,0.1509433962264151,16.0,16.0,0.0,0.0,24.5,24.5,0.0,0.0,26.9,26.9,-,A,35.0
35,e,30,C,T,O,17.866000000000003,0.21428571428571427,"(False, 0.0)",P,36,8.0,11.66,11.66,0.0,0.0,11.66,11.66,0.0,0.0,11.66,11.66,3.4811242568067198,-75.7,-40.3,3.000987953250257,0.05882352941176471,8.5,8.5,0.0,0.0,9.6,9.6,0.0,0.0,10.6,10.6,S,P,36.0
36,-,10,C,C,O,16.442,1.042857142857143,"(False, 0.0)",L,37,7.000000000000001,7.1,7.1,5.46,5.46,1.63,1.63,5.46,5.46,1.63,1.63,2.306020331853307,-143.0,162.2,2.679815154090873,0.042682926829268296,4.0,4.0,13.7,13.7,1.1,1.1,14.7,14.7,1.2,1.2,S,L,37.0
37,-,25,C,C,O,18.456,-0.05714285714285716,"(False, 0.0)",P,38,5.0,5.49,5.49,5.36,5.36,4.63,4.63,0.87,0.87,0.13,0.13,1.9994226627262988,-58.5,161.5,2.494382417462236,0.036764705882352935,4.0,4.0,19.5,19.5,3.8,3.8,5.4,5.4,0.1,0.1,-,P,38.0
38,e,55,C,C,O,17.306,0.08571428571428566,"(False, 0.0)",Q,39,47.0,51.4,51.4,16.25,16.25,29.34,29.34,22.06,22.06,35.15,35.15,1.9994973247849899,-65.7,137.1,1.8322100602303568,0.23737373737373735,28.7,28.7,38.7,38.7,62.5,62.5,16.7,16.7,25.7,25.7,-,Q,39.0
39,-,10,C,C,O,16.986,0.08571428571428566,"(False, 0.0)",V,40,6.999999999999999,5.98,5.98,0.24,0.24,5.98,5.98,0.0,0.0,5.74,5.74,3.273695243022833,-145.6,-15.5,3.0210724487413927,0.04929577464788732,3.9,3.9,0.6,0.6,5.2,5.2,0.0,0.0,5.2,5.2,-,V,40.0
40,e,50,C,C,O,16.986,0.14285714285714285,"(False, 0.0)",D,41,4.0,5.91,5.91,3.9,3.9,3.79,3.79,2.12,2.12,2.0,2.0,3.581738117078292,-57.9,150.4,2.933066050543452,0.024539877300613498,4.1,4.1,9.2,9.2,8.9,8.9,2.1,2.1,2.0,2.0,-,D,41.0
41,-,20,C,C,O,18.41,1.0142857142857145,"(False, 0.0)",F,42,13.0,15.57,15.57,5.72,5.72,9.85,9.85,5.72,5.72,9.85,9.85,3.0429126534264017,-95.7,128.3,3.1002687382002376,0.06598984771573604,7.8,7.8,14.9,14.9,6.0,6.0,16.4,16.4,6.1,6.1,-,F,42.0
42,-,10,C,C,O,18.375999999999998,2.157142857142857,"(False, 0.0)",P,43,5.0,7.62,7.62,0.5,0.5,7.25,7.25,0.37,0.37,7.11,7.11,3.571151468833905,-54.2,142.4,3.4188558603249306,0.036764705882352935,5.5,5.5,1.8,1.8,6.0,6.0,2.3,2.3,6.5,6.5,-,P,43.0
43,-,15,E,E,O,20.32,2.1571428571428575,"(False, 0.0)",V,44,3.0,4.61,4.61,0.72,0.72,3.89,3.89,0.72,0.72,3.89,3.89,5.389393396767458,-150.1,144.1,5.041837031369184,0.02112676056338028,3.0,3.0,1.7,1.7,3.4,3.4,1.9,1.9,3.5,3.5,E,V,44.0
44,-,0,E,E,O,20.674,2.5428571428571423,"(False, 0.0)",I,45,3.0,1.73,1.73,0.8,0.8,0.92,0.92,0.8,0.8,0.92,0.92,5.3449872001252485,-112.5,132.1,5.07028902396566,0.017751479289940832,1.0,1.0,1.9,1.9,0.7,0.7,2.2,2.2,0.7,0.7,E,I,45.0
45,-,10,E,E,O,19.082,2.4,"(False, 0.0)",I,46,7.000000000000001,9.17,9.17,0.0,0.0,9.17,9.17,0.0,0.0,9.17,9.17,4.174152662116601,-109.8,131.2,3.482887837646939,0.04142011834319527,5.2,5.2,0.0,0.0,6.6,6.6,0.0,0.0,6.8,6.8,E,I,46.0
46,-,0,E,E,O,17.068,2.514285714285714,"(False, 0.0)",V,47,4.0,3.17,3.17,0.0,0.0,3.17,3.17,0.0,0.0,3.17,3.17,4.432301514421673,-111.4,115.6,4.003769931682556,0.028169014084507043,2.1,2.1,0.0,0.0,2.8,2.8,0.0,0.0,2.9,2.9,E,V,47.0
47,-,10,E,E,O,14.681999999999999,2.457142857142857,"(False, 0.0)",S,48,30.0,29.86,29.86,0.23,0.23,20.99,20.99,8.87,8.87,29.63,29.63,2.6395873505652303,-127.4,139.2,2.2616411679525155,0.2307692307692308,25.2,25.2,0.5,0.5,44.7,44.7,12.4,12.4,39.5,39.5,E,S,48.0
48,-,0,E,E,O,14.681999999999999,1.5857142857142859,"(False, 0.0)",A,49,9.0,10.21,10.21,8.77,8.77,7.58,7.58,2.63,2.63,1.44,1.44,1.9993309952604732,-166.0,176.9,1.9951985132460728,0.08490566037735849,9.4,9.4,20.0,20.0,10.7,10.7,7.0,7.0,2.2,2.2,E,A,49.0
49,e,30,E,E,O,13.854,0.8857142857142858,"(False, 0.0)",S,50,8.0,8.76,8.76,0.0,0.0,3.7,3.7,5.06,5.06,8.76,8.76,2.7444818156260777,-136.4,147.1,2.6135035884481126,0.061538461538461535,7.4,7.4,0.0,0.0,7.9,7.9,7.1,7.1,11.7,11.7,E,S,50.0
50,-,10,C,C,O,12.639999999999999,0.5428571428571428,"(False, 0.0)",L,51,23.000000000000004,22.9,22.9,0.0,0.0,22.9,22.9,0.0,0.0,22.9,22.9,3.241688450619568,-117.7,106.8,2.4641403198406793,0.1402439024390244,12.8,12.8,0.0,0.0,16.1,16.1,0.0,0.0,16.4,16.4,-,L,51.0
51,e,45,C,T,O,12.639999999999999,0.5428571428571429,"(False, 0.0)",P,52,31.0,34.85,34.85,16.13,16.13,26.43,26.43,8.42,8.42,18.72,18.72,1.999935152837484,-55.2,131.3,1.9778836709223744,0.22794117647058826,25.4,25.4,58.6,58.6,21.8,21.8,52.3,52.3,17.1,17.1,T,P,52.0
52,e,35,C,T,O,12.639999999999999,0.057142857142857086,"(False, 0.0)",G,53,56.0,56.54,56.54,56.54,56.54,17.81,17.81,38.73,38.73,0.0,0.0,1.9996549472969192,79.4,5.8,1.7096060296234892,0.6666666666666666,69.7,69.7,69.7,69.7,48.9,48.9,86.8,86.8,inf,inf,T,G,53.0
53,-,20,C,C,O,11.846,-0.3285714285714287,"(False, 0.0)",A,54,12.0,12.64,12.64,11.64,11.64,5.42,5.42,7.23,7.23,1.0,1.0,1.9995895422013128,-91.6,139.1,1.7677277090055932,0.11320754716981132,11.6,11.6,26.5,26.5,7.6,7.6,19.1,19.1,1.5,1.5,-,A,54.0
54,e,30,C,C,O,11.074,-0.9714285714285713,"(False, 0.0)",S,55,55.0,55.2,55.2,8.81,8.81,44.02,44.02,11.18,11.18,46.39,46.39,1.9995052846012216,-73.1,165.6,2.2181914273499377,0.4230769230769231,46.6,46.6,20.3,20.3,93.7,93.7,15.7,15.7,61.9,61.9,-,S,55.0
55,-,15,H,H,O,13.548000000000002,-0.4714285714285714,"(False, 0.0)",P,56,13.0,13.92,13.92,0.0,0.0,13.92,13.92,0.0,0.0,13.92,13.92,2.5882876341965173,-57.0,-35.9,2.3758604355673976,0.09558823529411764,10.1,10.1,0.0,0.0,11.5,11.5,0.0,0.0,12.7,12.7,H,P,56.0
56,e,55,H,H,O,14.498000000000001,-0.15714285714285708,"(False, 0.0)",E,57,117.0,109.45,109.45,2.1,2.1,58.73,58.73,50.72,50.72,107.35,107.35,2.4464414760326667,-67.9,-44.3,1.7581201478374942,0.6030927835051546,62.8,62.8,5.0,5.0,113.6,113.6,41.4,41.4,81.2,81.2,H,E,57.0
57,e,35,H,H,O,14.904,-0.5285714285714286,"(False, 0.0)",T,58,59.0,55.31,55.31,7.53,7.53,29.94,29.94,25.37,25.37,47.78,47.78,1.9995371318716741,-59.7,-48.0,2.10875694670447,0.4154929577464789,39.3,39.3,17.9,17.9,40.2,40.2,38.3,38.3,48.4,48.4,H,T,58.0
58,-,0,H,H,O,13.312000000000001,-0.5285714285714286,"(False, 0.0)",M,59,0.0,0.0,0.0,0.0,0.0,0.0,0.0,0.0,0.0,0.0,0.0,5.01305846574721,-70.5,-41.0,5.048091334602669,0.0,0.0,0.0,0.0,0.0,0.0,0.0,0.0,0.0,0.0,0.0,H,M,59.0
59,e,30,H,H,O,12.492,0.3,"(False, 0.0)",A,60,0.0,0.58,0.58,0.0,0.0,0.58,0.58,0.0,0.0,0.58,0.58,3.6683237694323014,-62.8,-46.3,3.555224392198501,0.0,0.5,0.5,0.0,0.0,0.8,0.8,0.0,0.0,0.9,0.9,I,A,60.0
60,e,55,H,H,O,13.652000000000001,1.0571428571428572,"(False, 0.0)",S,61,51.0,55.17,55.17,20.0,20.0,23.51,23.51,31.67,31.67,35.17,35.17,2.45940371569301,-105.5,-4.2,2.0414559890547275,0.3923076923076923,46.6,46.6,46.1,46.1,50.1,50.1,44.4,44.4,46.9,46.9,I,S,61.0
61,e,30,H,H,O,12.702,1.0571428571428572,"(False, 0.0)",S,62,55.0,45.8,45.8,6.95,6.95,15.69,15.69,30.11,30.11,38.85,38.85,1.999745667411104,-109.5,-3.5,1.8898226729186935,0.4230769230769231,38.7,38.7,16.0,16.0,33.4,33.4,42.2,42.2,51.8,51.8,I,S,62.0
62,-,0,H,H,O,13.556000000000001,0.5571428571428572,"(False, 0.0)",V,63,0.0,0.0,0.0,0.0,0.0,0.0,0.0,0.0,0.0,0.0,0.0,3.9449799991236163,-137.2,-60.7,4.581315978065222,0.0,0.0,0.0,0.0,0.0,0.0,0.0,0.0,0.0,0.0,0.0,I,V,63.0
63,-,15,H,H,O,15.148000000000001,0.8428571428571427,"(False, 0.0)",A,64,1.0,1.63,1.63,0.0,0.0,1.63,1.63,0.0,0.0,1.63,1.63,5.233338495915942,-62.5,-48.8,4.674649306654153,0.009433962264150943,1.5,1.5,0.0,0.0,2.3,2.3,0.0,0.0,2.5,2.5,I,A,64.0
64,e,40,H,H,O,17.534,0.4571428571428572,"(False, 0.0)",T,65,52.0,53.72,53.72,2.12,2.12,40.75,40.75,12.97,12.97,51.59,51.59,2.240444331289072,-62.0,-37.8,2.1068511224820803,0.3661971830985916,38.2,38.2,5.1,5.1,54.7,54.7,19.6,19.6,52.3,52.3,H,T,65.0
65,e,35,H,H,O,15.934000000000001,-0.07142857142857147,"(False, 0.0)",P,66,10.0,12.28,12.28,0.69,0.69,11.59,11.59,0.69,0.69,11.59,11.59,2.989217323090907,-46.7,-49.3,2.293841189369884,0.07352941176470587,9.0,9.0,2.5,2.5,9.6,9.6,4.3,4.3,10.6,10.6,H,P,66.0
66,-,0,H,H,O,16.49,-0.7857142857142858,"(False, 0.0)",L,67,3.0,1.85,1.85,0.0,0.0,1.85,1.85,0.0,0.0,1.85,1.85,3.909040029231588,-70.1,-45.4,4.691954510477443,0.018292682926829267,1.0,1.0,0.0,0.0,1.3,1.3,0.0,0.0,1.3,1.3,H,L,67.0
67,e,25,H,H,O,15.23,-0.5000000000000001,"(False, 0.0)",E,68,4.0,3.55,3.55,0.91,0.91,0.91,0.91,2.64,2.64,2.64,2.64,3.091414730440351,-59.7,-40.2,2.406063955213053,0.020618556701030927,2.0,2.0,2.2,2.2,1.8,1.8,2.2,2.2,2.0,2.0,H,E,68.0
68,e,50,H,H,O,16.024,-0.4571428571428572,"(False, 0.0)",R,69,157.0,152.36,152.36,31.16,31.16,56.02,56.02,96.34,96.34,121.19,121.19,1.9997176297899224,-69.8,-13.3,1.841546491094777,0.6330645161290323,64.0,64.0,74.2,74.2,76.6,76.6,58.4,58.4,61.8,61.8,T,R,69.0
69,-,15,H,H,O,12.424,-0.8714285714285713,"(False, 0.0)",S,70,13.0,12.91,12.91,3.21,3.21,12.84,12.84,0.07,0.07,9.7,9.7,1.9995697568118964,-93.9,-11.7,2.0414102782597445,0.1,10.9,10.9,7.4,7.4,27.3,27.3,0.1,0.1,12.9,12.9,T,S,70.0
70,-,0,H,H,O,12.565999999999999,-0.7714285714285714,"(False, 0.0)",L,71,19.0,15.12,15.12,14.31,14.31,1.71,1.71,13.41,13.41,0.8,0.8,2.4084259558461394,-78.0,56.4,2.6042503166520543,0.11585365853658534,8.4,8.4,36.0,36.0,1.2,1.2,36.1,36.1,0.6,0.6,-,L,71.0
71,e,40,H,T,O,13.99,-0.014285714285714315,"(False, 0.0)",G,72,35.0,37.01,37.01,37.01,37.01,34.33,34.33,2.69,2.69,0.0,0.0,1.9995075917542,-138.9,158.1,1.8566831542532656,0.4166666666666667,45.6,45.6,45.6,45.6,94.2,94.2,6.0,6.0,inf,inf,-,G,72.0
72,e,45,C,T,O,14.395999999999997,0.5714285714285714,"(False, 0.0)",R,73,215.0,209.47,209.47,52.25,52.25,103.94,103.94,105.54,105.54,157.22,157.22,1.9996907970558488,85.4,26.9,1.8068468496876229,0.8669354838709677,88.0,88.0,124.4,124.4,142.0,142.0,64.0,64.0,80.1,80.1,S,R,73.0
73,-,5,C,C,O,10.796,1.2857142857142858,"(False, 0.0)",I,74,23.0,22.84,22.84,15.88,15.88,7.72,7.72,15.12,15.12,6.96,6.96,1.999650279287988,-114.6,132.5,1.9708150813390284,0.13609467455621302,13.0,13.0,38.3,38.3,5.6,5.6,41.0,41.0,5.2,5.2,-,I,74.0
74,e,55,C,T,O,14.430000000000001,0.6285714285714284,"(False, 0.0)",A,75,67.0,73.53,73.53,14.98,14.98,67.11,67.11,6.42,6.42,58.55,58.55,1.999926354957056,-76.5,120.1,1.8336218628608,0.6320754716981132,67.6,67.6,34.1,34.1,94.5,94.5,17.0,17.0,90.4,90.4,T,A,75.0
75,e,45,C,T,O,13.468,0.18571428571428575,"(False, 0.0)",G,76,23.000000000000004,25.04,25.04,25.04,25.04,13.01,13.01,12.03,12.03,0.0,0.0,1.9998029983124348,76.3,41.5,2.2147660495101738,0.27380952380952384,30.9,30.9,30.9,30.9,35.7,35.7,26.9,26.9,inf,inf,T,G,76.0
76,-,0,C,C,O,11.902,1.1,"(False, 0.0)",V,77,55.99999999999999,57.31,57.31,28.34,28.34,28.97,28.97,28.34,28.34,28.97,28.97,2.300844880467121,-83.4,119.2,1.9302937444795432,0.39436619718309857,37.7,37.7,68.3,68.3,25.2,25.2,76.9,76.9,26.2,26.2,E,V,77.0
77,e,40,E,E,O,12.852,0.35714285714285715,"(False, 0.0)",S,78,40.0,44.14,44.14,34.56,34.56,6.26,6.26,37.89,37.89,9.58,9.58,1.999566155520501,-87.7,-50.6,1.9081284802638128,0.3076923076923077,37.3,37.3,79.6,79.6,13.3,13.3,53.1,53.1,12.8,12.8,E,S,78.0
78,e,35,E,E,O,15.325999999999999,-0.014285714285714362,"(False, 0.0)",E,79,26.0,28.46,28.46,7.31,7.31,23.55,23.55,4.91,4.91,21.16,21.16,1.9998185602800325,-157.8,158.5,1.9749237515810625,0.13402061855670105,16.3,16.3,17.4,17.4,45.6,45.6,4.0,4.0,16.0,16.0,E,E,79.0
79,-,0,E,E,O,12.906,-0.07142857142857142,"(False, 0.0)",M,80,10.0,9.72,9.72,2.55,2.55,7.28,7.28,2.45,2.45,7.17,7.17,2.561450914307669,-129.9,134.9,2.441110038837054,0.05319148936170213,5.0,5.0,6.1,6.1,6.2,6.2,3.2,3.2,4.7,4.7,E,M,80.0
80,e,30,E,E,O,12.906,-0.7857142857142858,"(True, 0.5561)",T,81,22.0,25.69,25.69,0.0,0.0,17.36,17.36,8.33,8.33,25.69,25.69,2.839198946673384,-144.0,147.9,2.299100770928297,0.15492957746478872,18.3,18.3,0.0,0.0,23.3,23.3,12.6,12.6,26.0,26.0,E,T,81.0
81,-,15,E,E,O,12.086,-0.7857142857142857,"(False, 0.0)",S,82,4.0,4.61,4.61,3.3,3.3,2.18,2.18,2.43,2.43,1.3,1.3,1.9995258898323127,-138.0,164.3,2.446993195405045,0.030769230769230767,3.9,3.9,7.6,7.6,4.6,4.6,3.4,3.4,1.7,1.7,E,S,82.0
82,e,30,C,E,O,10.73,0.257142857142857,"(False, 0.0)",S,83,24.0,23.48,23.48,2.17,2.17,5.73,5.73,17.75,17.75,21.31,21.31,2.704897501751262,-148.7,123.1,1.977496082181536,0.18461538461538465,19.8,19.8,5.0,5.0,12.2,12.2,24.9,24.9,28.4,28.4,E,S,83.0
83,-,15,C,E,O,11.856,-0.07142857142857147,"(False, 0.0)",S,84,7.0,8.55,8.55,7.78,7.78,1.79,1.79,6.75,6.75,0.77,0.77,2.158893467254652,-100.7,177.0,2.6162216080622454,0.05384615384615385,7.2,7.2,17.9,17.9,3.8,3.8,9.5,9.5,1.0,1.0,E,S,84.0
84,e,45,C,C,O,10.642,-0.08571428571428576,"(False, 0.0)",S,85,6.0,5.32,5.32,4.41,4.41,5.07,5.07,0.25,0.25,0.91,0.91,1.9994451939559277,170.6,-144.6,2.065923920922008,0.04615384615384616,4.5,4.5,10.2,10.2,10.8,10.8,0.4,0.4,1.2,1.2,-,S,85.0
85,e,50,C,T,O,10.642,-0.07142857142857155,"(False, 0.0)",L,86,35.0,37.28,37.28,15.28,15.28,30.74,30.74,6.54,6.54,22.01,22.01,1.999911201220518,-71.4,59.8,1.855910846833798,0.21341463414634146,20.8,20.8,38.4,38.4,21.6,21.6,17.6,17.6,15.7,15.7,S,L,86.0
86,e,25,C,T,O,11.902,-0.6,"(False, 0.0)",G,87,2.0,2.03,2.03,2.03,2.03,1.46,1.46,0.57,0.57,0.0,0.0,1.9997734524858413,78.8,-31.8,2.2169749297379893,0.023809523809523808,2.5,2.5,2.5,2.5,4.0,4.0,1.3,1.3,inf,inf,S,G,87.0
87,-,15,E,E,O,12.863999999999999,0.1571428571428571,"(False, 0.0)",S,88,41.0,40.07,40.07,0.55,0.55,27.49,27.49,12.58,12.58,39.52,39.52,2.604407221172955,-70.2,150.0,1.9894463692441229,0.3153846153846154,33.9,33.9,1.3,1.3,58.5,58.5,17.6,17.6,52.7,52.7,E,S,88.0
88,-,0,E,E,O,12.863999999999999,0.9142857142857144,"(False, 0.0)",T,89,9.0,6.62,6.62,5.95,5.95,3.26,3.26,3.36,3.36,0.67,0.67,1.9995912380335976,-137.0,161.4,2.6200640021600305,0.06338028169014084,4.7,4.7,14.2,14.2,4.4,4.4,5.1,5.1,0.7,0.7,E,T,89.0
89,-,15,E,E,O,16.464,0.914285714285714,"(False, 0.0)",R,90,101.0,104.79,104.79,0.23,0.23,25.19,25.19,79.6,79.6,104.55,104.55,2.545640560475598,-145.2,139.5,2.180349063706409,0.40725806451612906,44.0,44.0,0.6,0.6,34.4,34.4,48.2,48.2,53.3,53.3,E,R,90.0
90,-,0,E,E,O,18.85,0.4714285714285714,"(False, 0.0)",I,91,3.0,1.48,1.48,0.24,0.24,1.23,1.23,0.24,0.24,1.23,1.23,4.174599834938206,-115.0,130.7,5.183584755617275,0.017751479289940832,0.8,0.8,0.6,0.6,0.9,0.9,0.7,0.7,0.9,0.9,E,I,91.0
91,-,10,E,E,O,18.586000000000002,0.9857142857142858,"(False, 0.0)",I,92,5.0,8.08,8.08,0.3,0.3,7.78,7.78,0.3,0.3,7.78,7.78,3.962667294827177,-118.4,111.4,2.937478445529893,0.02958579881656805,4.6,4.6,0.7,0.7,5.6,5.6,0.8,0.8,5.8,5.8,E,I,92.0
92,-,0,E,E,O,19.689999999999998,0.5857142857142856,"(False, 0.0)",L,93,4.0,2.72,2.72,0.04,0.04,2.68,2.68,0.04,0.04,2.68,2.68,4.271058533654016,-110.8,108.5,3.850843886037072,0.024390243902439025,1.5,1.5,0.1,0.1,1.9,1.9,0.1,0.1,1.9,1.9,E,L,93.0
93,-,15,E,E,O,17.746000000000002,1.6285714285714286,"(False, 0.0)",Q,94,15.0,17.24,17.24,0.0,0.0,2.3,2.3,14.94,14.94,17.24,17.24,3.2013300516662864,-98.7,134.8,2.9584933973710013,0.07575757575757576,9.6,9.6,0.0,0.0,4.9,4.9,11.3,11.3,12.6,12.6,E,Q,94.0
94,-,0,E,E,O,17.426,0.48571428571428565,"(False, 0.0)",F,95,1.0,0.57,0.57,0.0,0.0,0.57,0.57,0.0,0.0,0.57,0.57,4.854855262380915,-111.9,157.8,3.5503996500089334,0.005076142131979695,0.3,0.3,0.0,0.0,0.3,0.3,0.0,0.0,0.4,0.4,E,F,95.0
95,e,40,E,E,O,15.482,-0.8,"(False, 0.0)",D,96,56.0,52.32,52.32,0.0,0.0,17.73,17.73,34.59,34.59,52.32,52.32,2.461912503377711,-57.7,157.3,2.2568040152986493,0.34355828220858897,36.6,36.6,0.0,0.0,41.7,41.7,34.5,34.5,52.1,52.1,-,D,96.0
96,e,30,C,T,O,15.447999999999999,-1.8428571428571427,"(False, 0.0)",F,97,68.0,72.59,72.59,3.9,3.9,68.7,68.7,3.9,3.9,68.7,68.7,2.0001574167483445,-56.1,151.7,1.8511317955407989,0.3451776649746193,36.3,36.3,10.1,10.1,41.6,41.6,11.2,11.2,42.6,42.6,T,F,97.0
97,e,50,C,T,O,13.824000000000002,-0.7000000000000001,"(False, 0.0)",D,98,130.0,115.77,115.77,37.63,37.63,35.94,35.94,79.83,79.83,78.14,78.14,1.9996094029064724,67.4,17.0,1.6721044986816194,0.7975460122699386,81.1,81.1,89.0,89.0,84.6,84.6,79.6,79.6,77.8,77.8,T,D,98.0
98,e,40,C,C,O,15.768,-1.5999999999999999,"(False, 0.0)",R,99,105.0,98.57,98.57,10.81,10.81,13.76,13.76,84.81,84.81,87.75,87.75,1.9995838953014888,-87.4,136.6,1.863270709540524,0.4233870967741936,41.4,41.4,25.7,25.7,18.8,18.8,51.4,51.4,44.7,44.7,-,R,99.0
99,e,40,C,C,O,14.372,-1.157142857142857,"(False, 0.0)",D,100,91.0,83.63,83.63,19.41,19.41,46.04,46.04,37.59,37.59,64.21,64.21,1.9995240252245987,-60.1,126.7,1.7304718571351456,0.558282208588957,58.6,58.6,45.9,45.9,108.3,108.3,37.5,37.5,63.9,63.9,-,D,100.0
100,-,10,H,H,O,12.716,-1.3000000000000003,"(False, 0.0)",I,101,16.0,18.65,18.65,0.57,0.57,18.27,18.27,0.38,0.38,18.08,18.08,2.6845688596731607,-68.6,-34.8,2.040815069703655,0.09467455621301776,10.6,10.6,1.4,1.4,13.2,13.2,1.0,1.0,13.5,13.5,H,I,101.0
101,e,40,H,H,O,12.16,-0.5428571428571429,"(False, 0.0)",N,102,115.0,105.69,105.69,10.66,10.66,35.2,35.2,70.5,70.5,95.04,95.04,1.9995856248193393,-72.4,-47.9,1.7631049390417364,0.732484076433121,72.9,72.9,25.7,25.7,84.7,84.7,68.1,68.1,91.8,91.8,H,N,102.0
102,e,30,H,H,O,12.123999999999999,-0.5428571428571429,"(False, 0.0)",G,103,15.0,18.44,18.44,18.44,18.44,17.2,17.2,1.24,1.24,0.0,0.0,1.9994112742065893,-49.9,-54.1,1.8835499651350385,0.17857142857142858,22.7,22.7,22.7,22.7,47.2,47.2,2.8,2.8,inf,inf,H,G,103.0
103,-,0,H,H,O,10.7,-0.5428571428571428,"(False, 0.0)",A,104,4.0,5.19,5.19,4.8,4.8,2.91,2.91,2.28,2.28,0.39,0.39,1.9997461357217845,-57.8,-45.0,2.3863379976963524,0.03773584905660377,4.8,4.8,10.9,10.9,4.1,4.1,6.1,6.1,0.6,0.6,H,A,104.0
104,-,10,H,H,O,10.472,-0.5857142857142857,"(False, 0.0)",A,105,8.0,9.96,9.96,0.0,0.0,9.96,9.96,0.0,0.0,9.96,9.96,2.8163492375139088,-62.4,-40.0,2.7204155866809616,0.07547169811320754,9.2,9.2,0.0,0.0,14.0,14.0,0.0,0.0,15.4,15.4,H,A,105.0
105,e,35,H,H,O,14.106,-0.5857142857142856,"(False, 0.0)",R,106,145.0,144.68,144.68,4.95,4.95,72.09,72.09,72.58,72.58,139.73,139.73,1.9996343359193471,-64.1,-49.3,1.849316186769297,0.5846774193548387,60.7,60.7,11.8,11.8,98.5,98.5,44.0,44.0,71.2,71.2,H,R,106.0
106,e,35,H,H,O,14.695999999999998,-0.2714285714285714,"(False, 0.0)",D,107,31.000000000000004,28.32,28.32,0.12,0.12,3.5,3.5,24.82,24.82,28.2,28.2,1.9997099380934693,-65.1,-38.7,2.045291559532184,0.1901840490797546,19.8,19.8,0.3,0.3,8.2,8.2,24.8,24.8,28.1,28.1,H,D,107.0
107,-,0,H,H,O,14.695999999999998,-0.27142857142857135,"(False, 0.0)",V,108,2.0,1.34,1.34,0.0,0.0,1.34,1.34,0.0,0.0,1.34,1.34,4.665578222249268,-56.6,-46.8,4.608101472270105,0.014084507042253518,0.9,0.9,0.0,0.0,1.2,1.2,0.0,0.0,1.2,1.2,H,V,108.0
108,e,25,H,H,O,14.14,0.11428571428571425,"(False, 0.0)",Q,109,83.0,78.09,78.09,0.0,0.0,14.72,14.72,63.36,63.36,78.09,78.09,2.6666201263214533,-68.3,-31.4,2.1208448264039066,0.4191919191919192,43.7,43.7,0.0,0.0,31.3,31.3,48.1,48.1,57.1,57.1,H,Q,109.0
109,e,50,H,H,O,16.084,0.25714285714285706,"(False, 0.0)",A,110,54.0,58.81,58.81,18.69,18.69,45.08,45.08,13.73,13.73,40.12,40.12,1.9998030174145345,-60.2,-38.0,1.7676619605366068,0.5094339622641509,54.1,54.1,42.5,42.5,63.5,63.5,36.4,36.4,61.9,61.9,H,A,110.0
110,-,20,H,H,O,14.334,1.0142857142857142,"(False, 0.0)",A,111,4.0,4.38,4.38,3.58,3.58,3.44,3.44,0.93,0.93,0.8,0.8,1.999789929343947,-73.6,-42.1,2.29959333109142,0.03773584905660377,4.0,4.0,8.1,8.1,4.9,4.9,2.5,2.5,1.2,1.2,H,A,111.0
111,-,0,H,H,O,13.744,0.6714285714285715,"(False, 0.0)",I,112,7.000000000000001,6.37,6.37,0.0,0.0,6.37,6.37,0.0,0.0,6.37,6.37,3.3930271420843345,-62.5,-43.5,3.1236033045249347,0.04142011834319527,3.6,3.6,0.0,0.0,4.6,4.6,0.0,0.0,4.7,4.7,H,I,112.0
112,e,45,H,H,O,13.744,0.6714285714285714,"(False, 0.0)",N,113,95.0,89.56,89.56,10.73,10.73,28.47,28.47,61.08,61.08,78.83,78.83,2.3234436982873348,-67.6,-24.7,1.8129707606612149,0.6050955414012739,61.8,61.8,25.8,25.8,68.5,68.5,59.0,59.0,76.2,76.2,H,N,113.0
113,e,40,H,H,O,14.333999999999998,0.3,"(False, 0.0)",A,114,63.0,64.72,64.72,28.88,28.88,47.77,47.77,16.95,16.95,35.84,35.84,1.9996998889444308,-60.7,-37.8,1.8093586061040736,0.5943396226415094,59.5,59.5,65.7,65.7,67.3,67.3,44.9,44.9,55.3,55.3,H,A,114.0
114,-,0,H,H,O,11.947999999999999,0.5857142857142857,"(False, 0.0)",A,115,2.0,2.41,2.41,2.06,2.06,2.41,2.41,0.0,0.0,0.35,0.35,1.9998415671386132,-81.1,-31.6,2.5029312948116123,0.018867924528301886,2.2,2.2,4.7,4.7,3.4,3.4,0.0,0.0,0.5,0.5,H,A,115.0
115,e,25,H,H,O,13.663999999999998,0.48571428571428565,"(False, 0.0)",Q,116,39.0,38.31,38.31,2.13,2.13,28.79,28.79,9.52,9.52,36.18,36.18,2.623651096379188,-53.0,-40.5,1.9917467270807008,0.19696969696969696,21.4,21.4,5.1,5.1,61.3,61.3,7.2,7.2,26.4,26.4,H,Q,116.0
116,e,55,H,H,O,15.644,0.7571428571428571,"(False, 0.0)",S,117,113.0,106.0,106.0,38.28,38.28,45.25,45.25,60.76,60.76,67.72,67.72,1.9995801249593017,-67.6,-8.2,1.7683987024333987,0.8692307692307693,89.6,89.6,88.2,88.2,96.4,96.4,85.1,85.1,90.4,90.4,T,S,117.0
117,e,45,H,T,O,16.830000000000002,0.38571428571428573,"(False, 0.0)",L,118,112.0,114.7,114.7,27.3,27.3,94.67,94.67,20.03,20.03,87.4,87.4,1.9994890178656652,-103.1,2.6,1.973462680999346,0.6829268292682927,63.9,63.9,68.6,68.6,66.5,66.5,53.9,53.9,62.5,62.5,T,L,118.0
118,-,5,C,C,O,15.833999999999998,0.07142857142857137,"(False, 0.0)",L,119,12.0,12.1,12.1,11.93,11.93,0.37,0.37,11.73,11.73,0.17,0.17,2.5512108723804428,-87.9,145.5,2.9294552231357227,0.07317073170731707,6.7,6.7,30.0,30.0,0.3,0.3,31.6,31.6,0.1,0.1,S,L,119.0
119,-,25,C,C,O,14.62,0.8428571428571429,"(False, 0.0)",P,120,54.0,56.89,56.89,12.38,12.38,56.79,56.79,0.11,0.11,44.51,44.51,1.9999446009617188,-72.9,140.7,2.057529632413909,0.3970588235294117,41.5,41.5,45.0,45.0,46.9,46.9,0.7,0.7,40.6,40.6,-,P,120.0
120,e,65,C,T,O,13.59,0.7285714285714284,"(False, 0.0)",S,121,110.0,100.49,100.49,16.77,16.77,47.09,47.09,53.4,53.4,83.73,83.73,1.9996324384317263,-54.6,-19.8,1.7396082157283077,0.8461538461538461,84.9,84.9,38.6,38.6,100.3,100.3,74.8,74.8,111.7,111.7,T,S,121.0
121,e,55,C,T,O,12.796,0.07142857142857138,"(False, 0.0)",G,122,34.0,35.8,35.8,35.8,35.8,26.3,26.3,9.5,9.5,0.0,0.0,1.9996103223800168,-79.2,-8.0,1.9320464199866083,0.4047619047619048,44.1,44.1,44.1,44.1,72.2,72.2,21.3,21.3,inf,inf,T,G,122.0
122,-,10,C,C,O,11.203999999999999,-1.114285714285714,"(False, 0.0)",M,123,1.0,1.03,1.03,0.0,0.0,1.03,1.03,0.0,0.0,1.03,1.03,3.8441420510132702,-89.5,-50.8,4.155291415793283,0.0053191489361702135,0.5,0.5,0.0,0.0,0.9,0.9,0.0,0.0,0.7,0.7,T,M,123.0
123,e,50,C,C,O,12.166,-1.1142857142857143,"(False, 0.0)",P,124,60.0,63.48,63.48,22.02,22.02,43.33,43.33,20.14,20.14,41.46,41.46,1.9995720466623363,-61.2,-24.7,2.101786819606315,0.4411764705882353,46.3,46.3,80.0,80.0,35.8,35.8,125.2,125.2,37.8,37.8,T,P,124.0
124,e,50,C,S,O,14.972,-1.1,"(False, 0.0)",S,125,65.0,65.31,65.31,18.33,18.33,50.97,50.97,14.34,14.34,46.97,46.97,1.9999979362992657,-85.9,-4.5,1.7931000688016632,0.5,55.2,55.2,42.2,42.2,108.5,108.5,20.1,20.1,62.7,62.7,T,S,125.0
125,e,35,C,C,O,14.876,-1.2285714285714289,"(False, 0.0)",R,126,38.0,40.65,40.65,0.0,0.0,0.04,0.04,40.61,40.61,40.65,40.65,3.2720284483426965,-108.5,76.7,2.6557000122059486,0.1532258064516129,17.1,17.1,0.0,0.0,0.0,0.0,24.6,24.6,20.7,20.7,S,R,126.0
126,-,10,C,C,O,14.995999999999999,-2.142857142857143,"(False, 0.0)",P,127,50.0,54.28,54.28,2.76,2.76,54.28,54.28,0.0,0.0,51.52,51.52,1.9996525579297029,-30.9,131.3,2.1578910679465007,0.36764705882352944,39.6,39.6,10.0,10.0,44.8,44.8,0.0,0.0,47.0,47.0,-,P,127.0
127,-,20,E,E,O,15.957999999999998,-2.4714285714285715,"(False, 0.0)",T,128,42.0,42.57,42.57,29.41,29.41,12.58,12.58,29.99,29.99,13.16,13.16,2.2872396244870083,-84.0,120.7,1.8778474650489907,0.29577464788732394,30.3,30.3,70.1,70.1,16.9,16.9,45.3,45.3,13.3,13.3,-,T,128.0
128,-,0,E,E,O,16.244,-2.1,"(False, 0.0)",Y,129,113.0,102.5,102.5,1.16,1.16,66.0,66.0,36.5,36.5,101.33,101.33,1.9994546386408327,-105.6,119.1,2.1656118396923887,0.509009009009009,47.9,47.9,3.0,3.0,49.6,49.6,45.0,45.0,57.7,57.7,E,Y,129.0
129,e,20,E,E,O,15.058000000000002,-1.957142857142857,"(False, 0.0)",R,130,94.0,88.73,88.73,18.77,18.77,8.29,8.29,80.44,80.44,69.96,69.96,2.3287837933877014,-108.0,123.8,2.078660714447096,0.3790322580645161,37.3,37.3,44.7,44.7,11.3,11.3,48.7,48.7,35.7,35.7,E,R,130.0
130,e,50,E,E,O,14.468,-1.9571428571428573,"(False, 0.0)",K,131,41.0,43.6,43.6,2.54,2.54,32.52,32.52,11.09,11.09,41.06,41.06,1.999672792284657,-131.5,137.9,2.367863275679797,0.2,21.3,21.3,6.1,6.1,29.3,29.3,11.8,11.8,25.2,25.2,E,K,131.0
131,-,15,C,E,O,14.348000000000003,-1.9714285714285713,"(False, 0.0)",A,132,14.0,14.48,14.48,5.92,5.92,8.56,8.56,5.92,5.92,8.56,8.56,2.55309524409921,-87.8,116.9,2.384419022655724,0.1320754716981132,13.3,13.3,13.5,13.5,12.1,12.1,15.7,15.7,13.2,13.2,E,A,132.0
132,e,35,C,C,O,13.386000000000001,-2.2857142857142856,"(False, 0.0)",N,133,0.0,0.91,0.91,0.0,0.0,0.0,0.0,0.91,0.91,0.91,0.91,4.999528877523613,-157.2,75.1,4.098622916363175,0.0,0.6,0.6,0.0,0.0,0.0,0.0,0.9,0.9,0.9,0.9,-,N,133.0
133,e,25,C,T,O,12.58,-1.3857142857142857,"(False, 0.0)",P,134,6.0,5.39,5.39,4.83,4.83,0.56,0.56,4.83,4.83,0.56,0.56,6.249027609285752,-101.3,3.2,5.809622351292286,0.04411764705882353,3.9,3.9,17.5,17.5,0.5,0.5,30.0,30.0,0.5,0.5,-,P,134.0
134,e,50,C,T,O,12.58,-1.0571428571428572,"(False, 0.0)",S,135,3.0,1.31,1.31,0.0,0.0,1.31,1.31,0.0,0.0,1.31,1.31,5.077813313935256,-70.4,-32.1,5.019032933248479,0.02307692307692308,1.1,1.1,0.0,0.0,2.8,2.8,0.0,0.0,1.7,1.7,-,S,135.0
135,e,25,C,S,O,13.501999999999999,-0.6714285714285715,"(False, 0.0)",D,136,19.0,22.92,22.92,6.77,6.77,4.5,4.5,18.42,18.42,16.15,16.15,2.416148843865098,63.6,-36.1,2.080608648127761,0.1165644171779141,16.1,16.1,16.0,16.0,10.6,10.6,18.4,18.4,16.1,16.1,-,D,136.0
136,-,5,C,C,O,14.295999999999998,0.10000000000000006,"(False, 0.0)",A,137,0.0,0.94,0.94,0.35,0.35,0.58,0.58,0.35,0.35,0.58,0.58,2.684017860876311,-65.4,145.8,3.215897258992576,0.0,0.9,0.9,0.8,0.8,0.8,0.8,0.9,0.9,0.9,0.9,S,A,137.0
137,-,10,C,C,O,15.651999999999997,0.9714285714285715,"(False, 0.0)",P,138,6.0,6.63,6.63,0.0,0.0,6.63,6.63,0.0,0.0,6.63,6.63,3.3934797612280265,-68.1,137.1,3.2612263105728183,0.04411764705882353,4.8,4.8,0.0,0.0,5.5,5.5,0.0,0.0,6.0,6.0,E,P,138.0
138,-,0,E,E,O,17.595999999999997,1.6285714285714283,"(False, 0.0)",I,139,2.0,1.7,1.7,1.06,1.06,1.46,1.46,0.24,0.24,0.64,0.64,7.1860560789469226,-75.8,-41.1,6.401018339992565,0.01183431952662722,1.0,1.0,2.6,2.6,1.0,1.0,0.7,0.7,0.5,0.5,E,I,139.0
139,-,0,E,E,O,19.576,2.028571428571429,"(False, 0.0)",M,140,1.0,0.43,0.43,0.0,0.0,0.43,0.43,0.0,0.0,0.43,0.43,6.149879267230598,-163.3,171.7,5.701991082154553,0.0053191489361702135,0.2,0.2,0.0,0.0,0.4,0.4,0.0,0.0,0.3,0.3,E,M,140.0
140,-,0,E,E,O,19.244,2.314285714285714,"(False, 0.0)",I,141,1.0,0.4,0.4,0.09,0.09,0.31,0.31,0.09,0.09,0.31,0.31,5.155281560857651,-137.0,127.1,4.159547383734624,0.005917159763313609,0.2,0.2,0.2,0.2,0.2,0.2,0.3,0.3,0.2,0.2,E,I,141.0
141,-,0,E,E,O,19.244,2.442857142857143,"(False, 0.0)",L,142,5.0,3.79,3.79,0.07,0.07,3.72,3.72,0.07,0.07,3.72,3.72,3.4252062761752984,-104.5,118.7,3.6084055851137617,0.03048780487804878,2.1,2.1,0.2,0.2,2.6,2.6,0.2,0.2,2.7,2.7,E,L,142.0
142,-,0,E,E,O,19.148,1.6857142857142857,"(False, 0.0)",T,143,1.0,0.81,0.81,0.2,0.2,0.12,0.12,0.69,0.69,0.61,0.61,4.039724774131849,-101.8,153.5,3.2408156826589782,0.007042253521126761,0.6,0.6,0.5,0.5,0.2,0.2,1.0,1.0,0.6,0.6,E,T,143.0
143,-,0,E,E,O,16.762,0.9142857142857144,"(False, 0.0)",L,144,3.0,1.64,1.64,0.0,0.0,1.64,1.64,0.0,0.0,1.64,1.64,5.2114331319386995,-125.1,135.9,4.275722557325008,0.018292682926829267,0.9,0.9,0.0,0.0,1.1,1.1,0.0,0.0,1.2,1.2,E,L,144.0
144,e,25,E,E,O,14.817999999999998,0.17142857142857135,"(False, 0.0)",T,145,21.0,21.45,21.45,1.62,1.62,19.81,19.81,1.64,1.64,19.83,19.83,2.6164154401227377,-140.3,149.5,2.101245084244147,0.14788732394366194,15.3,15.3,3.9,3.9,26.6,26.6,2.5,2.5,20.1,20.1,E,T,145.0
145,-,20,C,C,O,14.818000000000001,-0.5571428571428572,"(False, 0.0)",S,146,7.0,7.77,7.77,7.77,7.77,7.54,7.54,0.22,0.22,0.0,0.0,1.999549242722748,-157.3,176.2,2.278160234522314,0.05384615384615385,6.6,6.6,17.9,17.9,16.1,16.1,0.3,0.3,0.0,0.0,-,S,146.0
146,e,55,C,T,O,14.144,-0.5714285714285714,"(False, 0.0)",D,147,113.0,105.61,105.61,24.79,24.79,35.56,35.56,70.05,70.05,80.82,80.82,1.9997227463848877,-96.0,-59.8,1.6721893862643116,0.6932515337423313,74.0,74.0,58.6,58.6,83.7,83.7,69.9,69.9,80.4,80.4,S,D,147.0
147,e,60,C,T,O,12.884,-1.6142857142857143,"(False, 0.0)",T,148,131.0,126.19,126.19,26.47,26.47,74.54,74.54,51.66,51.66,99.73,99.73,1.9996005929160559,-75.1,-44.6,1.843643843060248,0.9225352112676056,89.8,89.8,63.1,63.1,100.1,100.1,78.1,78.1,101.1,101.1,S,T,148.0
148,-,25,C,C,O,13.88,-1.5714285714285714,"(False, 0.0)",Y,149,68.0,64.03,64.03,2.21,2.21,33.23,33.23,30.8,30.8,61.82,61.82,1.9997060016305488,-63.7,133.2,2.008855089808129,0.3063063063063063,29.9,29.9,5.8,5.8,25.0,25.0,38.0,38.0,35.2,35.2,S,Y,149.0
149,e,40,C,C,O,12.224,-1.957142857142857,"(False, 0.0)",S,150,61.0,58.85,58.85,6.42,6.42,46.45,46.45,12.4,12.4,52.43,52.43,1.9995617880338583,-68.2,176.9,2.2002328855465025,0.4692307692307692,49.7,49.7,14.8,14.8,98.9,98.9,17.4,17.4,70.0,70.0,-,S,150.0
150,e,30,H,H,O,11.784,-0.9142857142857144,"(False, 0.0)",Q,151,45.0,40.93,40.93,0.85,0.85,14.84,14.84,26.09,26.09,40.09,40.09,2.539362746088049,-55.3,-41.9,2.0906371647144173,0.2272727272727273,22.9,22.9,2.0,2.0,31.6,31.6,19.8,19.8,29.3,29.3,H,Q,151.0
151,e,45,H,H,O,12.458,-1.0,"(False, 0.0)",G,152,24.0,25.59,25.59,25.59,25.59,16.48,16.48,9.11,9.11,0.0,0.0,1.999608867548485,-67.6,-37.4,1.709646158559586,0.2857142857142857,31.6,31.6,31.6,31.6,45.2,45.2,20.4,20.4,inf,inf,H,G,152.0
152,e,30,H,H,O,14.169999999999998,-1.3142857142857143,"(False, 0.0)",E,153,91.0,80.38,80.38,2.13,2.13,8.6,8.6,71.78,71.78,78.25,78.25,1.999766478053712,-65.5,-46.1,1.9856278869669377,0.4690721649484536,46.2,46.2,5.1,5.1,16.6,16.6,58.6,58.6,59.2,59.2,H,E,153.0
153,-,0,H,H,O,13.616,-0.7999999999999998,"(False, 0.0)",L,154,0.0,0.0,0.0,0.0,0.0,0.0,0.0,0.0,0.0,0.0,0.0,5.166407067578169,-64.6,-36.9,5.2002856514927025,0.0,0.0,0.0,0.0,0.0,0.0,0.0,0.0,0.0,0.0,0.0,H,L,154.0
154,-,25,H,H,O,16.896,-0.04285714285714293,"(False, 0.0)",Y,155,6.999999999999999,7.05,7.05,0.0,0.0,7.05,7.05,0.0,0.0,7.05,7.05,3.2813989717857006,-58.2,-42.3,2.955881177088928,0.03153153153153153,3.3,3.3,0.0,0.0,5.3,5.3,0.0,0.0,4.0,4.0,H,Y,155.0
155,e,45,H,H,O,16.482,-0.10000000000000002,"(False, 0.0)",D,156,35.0,31.74,31.74,0.0,0.0,1.48,1.48,30.26,30.26,31.74,31.74,2.760771948299776,-63.8,-48.7,2.2010755323483067,0.2147239263803681,22.2,22.2,0.0,0.0,3.5,3.5,30.2,30.2,31.6,31.6,H,D,156.0
156,-,5,H,H,O,14.096,0.29999999999999993,"(False, 0.0)",F,157,35.0,37.66,37.66,0.25,0.25,37.59,37.59,0.07,0.07,37.41,37.41,2.185973089084527,-57.5,-42.3,2.2890771515144284,0.17766497461928935,18.8,18.8,0.7,0.7,22.8,22.8,0.2,0.2,23.2,23.2,H,F,157.0
157,-,0,H,H,O,13.644,-0.7428571428571429,"(False, 0.0)",A,158,0.0,0.0,0.0,0.0,0.0,0.0,0.0,0.0,0.0,0.0,0.0,3.8706991654720793,-63.9,-50.6,4.036365802869796,0.0,0.0,0.0,0.0,0.0,0.0,0.0,0.0,0.0,0.0,0.0,I,A,158.0
158,e,40,H,H,O,14.197999999999999,-0.01428571428571433,"(False, 0.0)",S,159,12.0,10.16,10.16,4.94,4.94,2.2,2.2,7.96,7.96,5.21,5.21,2.3786059840189058,-76.3,-31.9,2.211411002337904,0.09230769230769233,8.6,8.6,11.4,11.4,4.7,4.7,11.2,11.2,7.0,7.0,I,S,159.0
159,e,35,H,H,O,14.518,0.7428571428571428,"(False, 0.0)",T,160,13.0,15.12,15.12,6.49,6.49,8.55,8.55,6.57,6.57,8.62,8.62,2.1910915366660766,-67.2,-45.3,2.0310751710726413,0.09154929577464788,10.8,10.8,15.5,15.5,11.5,11.5,9.9,9.9,8.7,8.7,I,T,160.0
160,e,20,H,H,O,14.518,0.11428571428571425,"(False, 0.0)",Q,161,84.0,83.09,83.09,7.76,7.76,30.75,30.75,52.34,52.34,75.33,75.33,1.999581642141376,-116.2,-39.7,1.8976381856349984,0.42424242424242425,46.5,46.5,18.5,18.5,65.4,65.4,39.7,39.7,55.1,55.1,I,Q,161.0
161,-,0,H,H,O,16.110000000000003,-0.24285714285714288,"(False, 0.0)",L,162,8.0,6.4,6.4,0.0,0.0,6.4,6.4,0.0,0.0,6.4,6.4,3.809996739199348,-88.4,-45.0,3.3008751696752734,0.04878048780487805,3.6,3.6,0.0,0.0,4.5,4.5,0.0,0.0,4.6,4.6,I,L,162.0
162,e,30,H,H,O,16.11,0.5142857142857142,"(False, 0.0)",A,163,9.0,8.99,8.99,0.22,0.22,8.99,8.99,0.0,0.0,8.77,8.77,2.64969157004743,-60.3,-42.1,2.3998092484451146,0.08490566037735849,8.3,8.3,0.5,0.5,12.7,12.7,0.0,0.0,13.5,13.5,H,A,163.0
163,e,50,H,H,O,17.5,0.5000000000000002,"(False, 0.0)",P,164,57.0,63.03,63.03,3.24,3.24,63.03,63.03,0.0,0.0,59.79,59.79,1.999717284710571,-66.6,-40.0,1.9434268016697425,0.4191176470588235,45.9,45.9,11.8,11.8,52.0,52.0,0.0,0.0,54.5,54.5,H,P,164.0
164,e,25,H,H,O,15.113999999999999,0.4999999999999999,"(False, 0.0)",T,165,41.0,39.38,39.38,7.43,7.43,18.36,18.36,21.03,21.03,31.95,31.95,1.9995971332048763,-60.0,-42.9,1.8811505243870408,0.2887323943661972,28.0,28.0,17.7,17.7,24.7,24.7,31.8,31.8,32.4,32.4,H,T,165.0
165,-,0,H,H,O,15.704000000000002,0.6,"(False, 0.0)",I,166,1.0,0.52,0.52,0.0,0.0,0.52,0.52,0.0,0.0,0.52,0.52,4.130316678051581,-60.6,-35.8,4.4974240156763186,0.005917159763313609,0.3,0.3,0.0,0.0,0.4,0.4,0.0,0.0,0.4,0.4,H,I,166.0
166,e,40,H,H,O,16.497999999999998,-0.1571428571428571,"(False, 0.0)",S,167,61.0,57.53,57.53,22.16,22.16,21.53,21.53,35.99,35.99,35.37,35.37,1.9998429463836769,-69.7,-16.0,2.031896785240964,0.4692307692307692,48.6,48.6,51.0,51.0,45.9,45.9,50.4,50.4,47.2,47.2,H,S,167.0
167,e,45,C,T,O,15.679999999999998,0.0142857142857143,"(False, 0.0)",Q,168,151.0,144.73,144.73,30.52,30.52,67.11,67.11,77.62,77.62,114.22,114.22,1.999562631425068,-115.5,19.5,1.8528543178318464,0.7626262626262627,80.9,80.9,72.7,72.7,142.9,142.9,58.9,58.9,83.5,83.5,T,Q,168.0
168,-,5,C,C,O,12.08,0.7142857142857142,"(False, 0.0)",I,169,10.0,10.58,10.58,8.26,8.26,4.8,4.8,5.78,5.78,2.32,2.32,2.0000975000038532,-68.4,137.3,2.209676828978988,0.059171597633136085,6.0,6.0,19.9,19.9,3.5,3.5,15.7,15.7,1.7,1.7,S,I,169.0
169,e,50,C,T,O,14.5,0.014285714285714235,"(False, 0.0)",D,170,115.0,105.62,105.62,11.66,11.66,38.67,38.67,66.94,66.94,93.96,93.96,1.9995954127824151,-56.7,129.8,1.7889799087228062,0.7055214723926381,74.0,74.0,27.6,27.6,91.0,91.0,66.8,66.8,93.5,93.5,T,D,170.0
170,-,20,C,T,O,12.29,-0.37142857142857144,"(False, 0.0)",G,171,2.0,2.47,2.47,2.47,2.47,0.9,0.9,1.57,1.57,0.0,0.0,1.9996693733062685,81.6,3.9,2.328306134968331,0.023809523809523808,3.0,3.0,3.0,3.0,2.5,2.5,3.5,3.5,inf,inf,T,G,171.0
171,-,5,C,C,O,10.346,0.7285714285714285,"(False, 0.0)",V,172,20.0,18.89,18.89,14.03,14.03,4.86,4.86,14.03,14.03,4.86,4.86,2.5850070782449195,-83.9,124.4,2.228805606663462,0.14084507042253522,12.4,12.4,33.8,33.8,4.2,4.2,38.1,38.1,4.4,4.4,E,V,172.0
172,-,5,E,E,O,12.324,-0.4142857142857142,"(False, 0.0)",G,173,7.0,7.13,7.13,7.13,7.13,0.84,0.84,6.29,6.29,0.0,0.0,1.9996444088244096,-99.2,-29.8,1.9357152333601093,0.08333333333333333,8.8,8.8,8.8,8.8,2.3,2.3,14.1,14.1,inf,inf,E,G,173.0
173,e,35,E,E,O,13.98,0.6857142857142858,"(False, 0.0)",D,174,22.0,20.73,20.73,3.25,3.25,3.74,3.74,16.99,16.99,17.48,17.48,1.9997893832240492,-157.1,167.4,1.9107442543976372,0.13496932515337426,14.5,14.5,7.7,7.7,8.8,8.8,16.9,16.9,17.4,17.4,E,D,174.0
174,-,0,E,E,O,13.98,0.6857142857142858,"(False, 0.0)",V,175,23.0,28.93,28.93,14.12,14.12,15.34,15.34,13.59,13.59,14.81,14.81,2.4222135568578986,-144.4,143.1,1.9681796957813615,0.1619718309859155,19.0,19.0,34.0,34.0,13.3,13.3,36.9,36.9,13.4,13.4,E,V,175.0
175,e,25,E,E,O,13.98,0.0285714285714286,"(False, 0.0)",D,176,74.0,67.18,67.18,3.64,3.64,18.03,18.03,49.14,49.14,63.54,63.54,1.9996535790920469,-115.4,135.2,1.8737769055649744,0.4539877300613497,47.1,47.1,8.6,8.6,42.4,42.4,49.0,49.0,63.2,63.2,E,D,176.0
176,-,5,E,E,O,12.324,-0.02857142857142847,"(False, 0.0)",V,177,36.0,41.11,41.11,0.94,0.94,40.17,40.17,0.94,0.94,40.17,40.17,2.705824266177621,-93.4,-11.7,2.3466358206628297,0.2535211267605634,27.1,27.1,2.3,2.3,34.9,34.9,2.6,2.6,36.4,36.4,-,V,177.0
177,-,15,E,E,O,9.904,0.35714285714285726,"(False, 0.0)",G,178,13.0,17.18,17.18,17.18,17.18,9.73,9.73,7.45,7.45,0.0,0.0,1.9995401233751249,58.3,-107.0,1.8231696655550618,0.15476190476190474,21.2,21.2,21.2,21.2,26.7,26.7,16.7,16.7,inf,inf,T,G,178.0
178,-,15,C,E,O,9.462,0.3,"(False, 0.0)",G,179,0.0,0.81,0.81,0.81,0.81,0.23,0.23,0.58,0.58,0.0,0.0,2.470224606498868,-81.6,-10.3,2.182976594607964,0.0,1.0,1.0,1.0,1.0,0.6,0.6,1.3,1.3,inf,inf,T,G,179.0
179,e,30,C,C,O,9.428,0.5714285714285714,"(False, 0.0)",S,180,0.0,0.27,0.27,0.09,0.09,0.0,0.0,0.27,0.27,0.17,0.17,3.9733500489958087,-78.5,40.7,3.6014619887078645,0.0,0.2,0.2,0.2,0.2,0.0,0.0,0.4,0.4,0.2,0.2,-,S,180.0
180,e,40,C,C,O,12.233999999999998,0.22857142857142856,"(False, 0.0)",S,181,14.0,13.46,13.46,6.85,6.85,6.77,6.77,6.69,6.69,6.61,6.61,1.9995178802409024,-57.5,106.5,2.0024315249378177,0.1076923076923077,11.4,11.4,15.8,15.8,14.4,14.4,9.4,9.4,8.8,8.8,-,S,181.0
181,e,35,C,C,O,13.854,0.8857142857142858,"(False, 0.0)",L,182,39.0,42.78,42.78,0.03,0.03,42.75,42.75,0.03,0.03,42.75,42.75,2.463970912346789,-50.9,161.1,2.191815439459514,0.2378048780487805,23.8,23.8,0.1,0.1,30.0,30.0,0.1,0.1,30.6,30.6,-,L,182.0
182,e,30,E,E,O,16.274,0.3,"(False, 0.0)",P,183,16.0,19.81,19.81,1.87,1.87,19.6,19.6,0.21,0.21,17.94,17.94,1.9995890597470607,-75.6,140.9,2.59476676952872,0.1176470588235294,14.4,14.4,6.8,6.8,16.2,16.2,1.3,1.3,16.4,16.4,E,P,183.0
183,-,20,E,E,O,17.236,1.0142857142857145,"(False, 0.0)",A,184,0.0,0.0,0.0,0.0,0.0,0.0,0.0,0.0,0.0,0.0,0.0,4.820518172802165,-128.3,142.5,4.503116907024175,0.0,0.0,0.0,0.0,0.0,0.0,0.0,0.0,0.0,0.0,0.0,E,A,184.0
184,-,0,E,E,O,17.27,1.0714285714285714,"(False, 0.0)",V,185,0.0,0.0,0.0,0.0,0.0,0.0,0.0,0.0,0.0,0.0,0.0,5.758489140245904,-66.0,113.5,5.31684285770971,0.0,0.0,0.0,0.0,0.0,0.0,0.0,0.0,0.0,0.0,0.0,E,V,185.0
185,-,15,E,E,O,14.463999999999999,1.0714285714285714,"(False, 0.0)",R,186,15.0,19.14,19.14,1.81,1.81,12.23,12.23,6.91,6.91,17.33,17.33,2.7104277043458134,-105.5,126.5,2.1404148244657195,0.06048387096774194,8.0,8.0,4.3,4.3,16.7,16.7,4.2,4.2,8.8,8.8,E,R,186.0
186,-,0,E,E,O,16.444,0.7999999999999999,"(False, 0.0)",V,187,0.0,0.0,0.0,0.0,0.0,0.0,0.0,0.0,0.0,0.0,0.0,2.5224591692732887,-113.1,108.9,3.3787634769835133,0.0,0.0,0.0,0.0,0.0,0.0,0.0,0.0,0.0,0.0,0.0,E,V,187.0
187,-,20,E,E,O,14.693999999999999,0.3142857142857142,"(False, 0.0)",G,188,4.0,6.64,6.64,6.64,6.64,5.49,5.49,1.15,1.15,0.0,0.0,1.9997045123209547,-91.1,101.7,2.412588670003561,0.047619047619047616,8.2,8.2,8.2,8.2,15.1,15.1,2.6,2.6,inf,inf,E,G,188.0
188,-,0,E,E,O,15.324000000000002,-0.7857142857142858,"(False, 0.0)",L,189,0.0,0.0,0.0,0.0,0.0,0.0,0.0,0.0,0.0,0.0,0.0,4.6177438670928375,-83.0,124.2,5.445725892349748,0.0,0.0,0.0,0.0,0.0,0.0,0.0,0.0,0.0,0.0,0.0,E,L,189.0
189,e,20,C,C,O,13.9,0.11428571428571425,"(False, 0.0)",N,190,29.0,29.02,29.02,0.0,0.0,3.39,3.39,25.62,25.62,29.02,29.02,3.2780938183881405,-95.1,115.0,2.780096873956136,0.18471337579617836,20.0,20.0,0.0,0.0,8.2,8.2,24.8,24.8,28.0,28.0,-,N,190.0
190,e,25,H,H,O,15.52,0.05714285714285713,"(False, 0.0)",P,191,1.0,0.85,0.85,0.13,0.13,0.81,0.81,0.03,0.03,0.71,0.71,3.3162512890264018,-70.9,-23.2,3.3325187537027188,0.007352941176470587,0.6,0.6,0.5,0.5,0.7,0.7,0.2,0.2,0.7,0.7,H,P,191.0
191,e,50,H,H,O,15.52,0.5142857142857142,"(False, 0.0)",Q,192,110.0,106.79,106.79,4.02,4.02,34.85,34.85,71.94,71.94,102.76,102.76,1.999620732227498,-68.9,-45.3,1.8596075469124405,0.5555555555555556,59.7,59.7,9.6,9.6,74.2,74.2,54.6,54.6,75.1,75.1,H,Q,192.0
192,e,25,H,H,O,16.916,-0.5285714285714287,"(False, 0.0)",A,193,15.0,18.55,18.55,3.78,3.78,15.97,15.97,2.58,2.58,14.77,14.77,1.9996476774786995,-65.2,-39.0,1.8443050762278663,0.14150943396226415,17.1,17.1,8.6,8.6,22.5,22.5,6.8,6.8,22.8,22.8,H,A,193.0
193,-,0,H,H,O,15.994,-0.5285714285714286,"(False, 0.0)",L,194,0.0,0.17,0.17,0.0,0.0,0.17,0.17,0.0,0.0,0.17,0.17,3.914442327304843,-59.4,-45.1,5.028522512445024,0.0,0.1,0.1,0.0,0.0,0.1,0.1,0.0,0.0,0.1,0.1,H,L,194.0
194,e,35,H,H,O,15.994,-0.35714285714285715,"(False, 0.0)",F,195,93.0,91.92,91.92,7.58,7.58,85.22,85.22,6.7,6.7,84.34,84.34,3.0403333659995484,-60.4,-43.8,2.214905052494316,0.4720812182741117,46.0,46.0,19.7,19.7,51.7,51.7,19.2,19.2,52.2,52.2,H,F,195.0
195,e,45,H,H,O,14.374,0.7428571428571428,"(False, 0.0)",N,196,115.0,109.79,109.79,30.99,30.99,19.98,19.98,89.8,89.8,78.8,78.8,1.9995625861166333,-55.4,-32.0,1.8491201431167472,0.732484076433121,75.7,75.7,74.6,74.6,48.1,48.1,86.8,86.8,76.1,76.1,H,N,196.0
196,-,15,C,T,O,14.408000000000001,0.3714285714285714,"(False, 0.0)",Q,197,84.0,79.3,79.3,19.86,19.86,11.1,11.1,68.21,68.21,59.44,59.44,1.9996801225137768,-110.9,9.4,1.8354281253429856,0.42424242424242425,44.3,44.3,47.3,47.3,23.6,23.6,51.7,51.7,43.4,43.4,T,Q,197.0
197,e,45,C,T,O,12.341999999999999,0.37142857142857144,"(False, 0.0)",G,198,40.0,37.66,37.66,37.66,37.66,21.23,21.23,16.43,16.43,0.0,0.0,1.9996063000182631,64.4,30.3,1.7579260524139757,0.4761904761904762,46.4,46.4,46.4,46.4,58.3,58.3,36.8,36.8,inf,inf,T,G,198.0
198,-,0,C,C,O,14.057999999999998,-0.5285714285714286,"(False, 0.0)",V,199,12.0,11.57,11.57,3.65,3.65,8.97,8.97,2.6,2.6,7.91,7.91,1.9994912647346192,-102.4,169.0,2.7783892548406697,0.08450704225352113,7.6,7.6,8.8,8.8,7.8,7.8,7.0,7.0,7.2,7.2,-,V,199.0
199,-,10,C,C,O,13.504,-0.5285714285714286,"(False, 0.0)",S,200,8.0,6.95,6.95,0.0,0.0,1.4,1.4,5.55,5.55,6.95,6.95,3.4517252790157094,-128.6,173.1,3.1155730753838378,0.061538461538461535,5.9,5.9,0.0,0.0,3.0,3.0,7.8,7.8,9.3,9.3,-,S,200.0
200,-,0,H,H,O,15.16,0.5714285714285714,"(False, 0.0)",L,201,0.0,0.0,0.0,0.0,0.0,0.0,0.0,0.0,0.0,0.0,0.0,4.853793890690257,-60.2,-37.8,5.4401443028228735,0.0,0.0,0.0,0.0,0.0,0.0,0.0,0.0,0.0,0.0,0.0,H,L,201.0
201,e,35,H,H,O,15.160000000000002,-0.014285714285714235,"(False, 0.0)",D,202,42.0,41.88,41.88,0.56,0.56,17.37,17.37,24.52,24.52,41.33,41.33,2.6060404521881133,-68.2,-36.5,1.9872885844805968,0.2576687116564417,29.3,29.3,1.3,1.3,40.9,40.9,24.5,24.5,41.1,41.1,H,D,202.0
202,e,20,H,H,O,16.122000000000003,-0.7142857142857143,"(False, 0.0)",D,203,72.0,62.3,62.3,7.37,7.37,15.25,15.25,47.05,47.05,54.93,54.93,1.9995556272843364,-60.8,-46.6,1.7039713410681172,0.44171779141104295,43.6,43.6,17.4,17.4,35.9,35.9,46.9,46.9,54.7,54.7,H,D,203.0
203,-,0,H,H,O,14.995999999999999,-0.3428571428571429,"(False, 0.0)",V,204,0.0,0.23,0.23,0.0,0.0,0.23,0.23,0.0,0.0,0.23,0.23,3.1408355319235284,-64.5,-42.5,3.9338546269626575,0.0,0.2,0.2,0.0,0.0,0.2,0.2,0.0,0.0,0.2,0.2,H,V,204.0
204,-,15,H,H,O,14.959999999999999,-0.2857142857142857,"(False, 0.0)",R,205,48.0,50.64,50.64,0.0,0.0,1.84,1.84,48.8,48.8,50.64,50.64,4.444148382393046,-59.5,-44.5,2.8973623311404424,0.1935483870967742,21.3,21.3,0.0,0.0,2.5,2.5,29.6,29.6,25.8,25.8,H,R,205.0
205,e,45,H,H,O,16.938,0.10000000000000006,"(False, 0.0)",T,206,54.0,56.6,56.6,0.08,0.08,46.13,46.13,10.47,10.47,56.51,56.51,2.205003919598957,-64.1,-41.4,2.178642630205156,0.38028169014084506,40.3,40.3,0.2,0.2,62.0,62.0,15.8,15.8,57.3,57.3,H,T,206.0
206,-,5,H,H,O,14.518,0.10000000000000006,"(False, 0.0)",A,207,17.0,15.63,15.63,8.82,8.82,15.22,15.22,0.41,0.41,6.81,6.81,1.9994771206831463,-61.1,-44.2,1.9658395116831933,0.16037735849056606,14.4,14.4,20.1,20.1,21.4,21.4,1.1,1.1,10.5,10.5,H,A,207.0
207,-,0,H,H,O,14.225999999999999,-0.24285714285714288,"(False, 0.0)",V,208,0.0,0.49,0.49,0.07,0.07,0.42,0.42,0.07,0.07,0.42,0.42,4.422803628749205,-61.9,-44.2,4.203705885977623,0.0,0.3,0.3,0.2,0.2,0.4,0.4,0.2,0.2,0.4,0.4,H,V,208.0
208,e,35,H,H,O,13.372,-0.09999999999999999,"(False, 0.0)",S,209,41.0,43.34,43.34,12.31,12.31,23.34,23.34,19.99,19.99,31.03,31.03,1.999761386767184,-75.0,-11.4,2.0270624812622877,0.3153846153846154,36.6,36.6,28.4,28.4,49.7,49.7,28.0,28.0,41.4,41.4,H,S,209.0
209,e,50,H,H,O,13.636000000000001,0.6,"(False, 0.0)",N,210,106.0,97.42,97.42,13.59,13.59,25.52,25.52,71.91,71.91,83.83,83.83,1.9997225159107832,-102.3,-24.1,1.8250591793106696,0.6751592356687898,67.2,67.2,32.7,32.7,61.4,61.4,69.5,69.5,81.0,81.0,H,N,210.0
210,e,30,H,H,O,13.636000000000001,-0.29999999999999993,"(False, 0.0)",A,211,39.0,39.89,39.89,12.63,12.63,30.3,30.3,9.59,9.59,27.26,27.26,1.9994177425302848,-112.8,-5.7,1.9532659755418456,0.3679245283018868,36.7,36.7,28.7,28.7,42.7,42.7,25.4,25.4,42.1,42.1,H,A,211.0
211,-,15,C,T,O,14.598000000000003,-1.457142857142857,"(False, 0.0)",N,212,2.0,3.05,3.05,2.46,2.46,0.0,0.0,3.05,3.05,0.59,0.59,3.096024216320668,-118.3,99.0,2.6687597326903387,0.012738853503184714,2.1,2.1,5.9,5.9,0.0,0.0,2.9,2.9,0.6,0.6,S,N,212.0
212,-,15,C,C,O,15.175999999999998,-1.5714285714285714,"(False, 0.0)",V,213,16.0,18.15,18.15,4.81,4.81,18.15,18.15,0.0,0.0,13.34,13.34,1.999317049204268,-150.8,142.4,2.2631589372729515,0.11267605633802814,11.9,11.9,11.6,11.6,15.8,15.8,0.0,0.0,12.1,12.1,-,V,213.0
213,e,40,C,C,O,16.362000000000002,-1.5714285714285714,"(False, 0.0)",R,214,132.0,137.82,137.82,24.86,24.86,59.71,59.71,78.11,78.11,112.96,112.96,1.999502984394115,-108.2,68.4,1.8068527987691996,0.532258064516129,57.9,57.9,59.2,59.2,81.6,81.6,47.3,47.3,57.6,57.6,-,R,214.0
214,-,10,C,C,O,16.688,-1.8857142857142857,"(False, 0.0)",K,215,118.0,118.76,118.76,7.79,7.79,56.84,56.84,61.92,61.92,110.97,110.97,1.999666889217404,-72.5,132.7,1.9202910877315007,0.5756097560975609,57.9,57.9,18.6,18.6,51.2,51.2,66.0,66.0,68.1,68.1,-,K,215.0
215,e,10,C,C,O,13.054000000000002,-1.1285714285714286,"(False, 0.0)",P,216,126.0,132.28,132.28,29.46,29.46,114.55,114.55,17.73,17.73,102.82,102.82,1.9997073798139928,-46.3,149.1,1.8338374610594992,0.9264705882352942,96.4,96.4,107.1,107.1,94.6,94.6,110.2,110.2,93.7,93.7,-,P,216.0
216,-,15,C,T,O,12.498,-1.1857142857142857,"(False, 0.0)",Q,217,92.0,85.38,85.38,24.93,24.93,14.35,14.35,71.03,71.03,60.45,60.45,1.9993698383539296,-159.3,-7.7,1.8155361453183907,0.4646464646464646,47.7,47.7,59.3,59.3,30.6,30.6,53.9,53.9,44.2,44.2,-,Q,217.0
217,-,10,C,C,O,13.636000000000001,-1.0428571428571431,"(False, 0.0)",G,218,54.00000000000001,56.76,56.76,56.76,56.76,40.52,40.52,16.24,16.24,0.0,0.0,1.9997522665082348,66.3,-141.4,1.7096332413470132,0.6428571428571429,70.0,70.0,70.0,70.0,111.2,111.2,36.4,36.4,inf,inf,-,G,218.0
218,e,25,E,E,O,12.863999999999999,-0.9857142857142857,"(False, 0.0)",A,219,21.0,24.34,24.34,13.76,13.76,10.57,10.57,13.76,13.76,10.57,10.57,2.5335195677858717,-161.7,158.5,1.9518473182928824,0.19811320754716985,22.4,22.4,31.3,31.3,14.9,14.9,36.5,36.5,16.3,16.3,B,A,219.0
219,-,0,E,E,O,12.309999999999999,-0.8142857142857143,"(False, 0.0)",L,220,81.0,84.02,84.02,2.68,2.68,84.02,84.02,0.0,0.0,81.34,81.34,1.9997214980560845,-62.4,134.1,2.180244089089324,0.4939024390243902,46.8,46.8,6.7,6.7,59.0,59.0,0.0,0.0,58.2,58.2,-,L,220.0
220,e,45,C,E,O,12.309999999999999,-0.4142857142857143,"(False, 0.0)",E,221,171.0,155.29,155.29,36.2,36.2,43.6,43.6,111.69,111.69,119.09,119.09,1.9994403937378962,-106.4,21.8,1.7084076271834547,0.8814432989690721,89.2,89.2,86.2,86.2,84.3,84.3,91.2,91.2,90.1,90.1,-,E,221.0
221,e,55,C,T,O,13.163999999999998,-0.8142857142857143,"(False, 0.0)",D,222,96.0,86.7,86.7,23.13,23.13,25.84,25.84,60.86,60.86,63.57,63.57,1.9998854897363327,-56.4,148.2,1.7086547941794212,0.588957055214724,60.7,60.7,54.7,54.7,60.8,60.8,60.7,60.7,63.3,63.3,-,D,222.0
222,e,45,C,T,O,11.621999999999998,-1.7142857142857146,"(False, 0.0)",G,223,79.0,81.8,81.8,81.8,81.8,41.65,41.65,40.15,40.15,0.0,0.0,1.99933819744312,-74.3,-24.9,1.7094939843971282,0.9404761904761904,100.9,100.9,100.9,100.9,114.3,114.3,89.9,89.9,inf,inf,S,G,223.0
223,e,50,C,C,O,11.764,-2.3857142857142857,"(False, 0.0)",T,224,112.0,115.4,115.4,33.44,33.44,80.33,80.33,35.06,35.06,81.95,81.95,1.9996585342840505,-104.5,-16.0,1.8260054031114876,0.7887323943661971,82.1,82.1,79.7,79.7,107.9,107.9,53.0,53.0,83.1,83.1,S,T,224.0
224,e,35,E,E,O,13.762,-2.3857142857142857,"(False, 0.0)",H,225,86.0,87.36,87.36,7.67,7.67,53.4,53.4,33.96,33.96,79.69,79.69,1.9995483666100449,-144.1,136.8,1.870491737938932,0.4673913043478261,47.7,47.7,19.6,19.6,55.0,55.0,39.5,39.5,55.4,55.4,-,H,225.0
225,e,35,E,E,O,15.972,-1.242857142857143,"(False, 0.0)",R,226,154.0,152.4,152.4,28.69,28.69,59.13,59.13,93.27,93.27,123.71,123.71,2.286297599452009,-136.9,108.8,1.8615296377609023,0.6209677419354839,64.0,64.0,68.3,68.3,80.8,80.8,56.5,56.5,63.1,63.1,-,R,226.0
226,-,5,E,E,O,17.098,-1.6857142857142857,"(False, 0.0)",W,227,155.0,152.09,152.09,5.4,5.4,122.0,122.0,30.09,30.09,146.7,146.7,1.9995397169708955,-128.1,155.5,1.8905104345602264,0.6828193832599119,61.0,61.0,12.7,12.7,65.0,65.0,48.8,48.8,71.0,71.0,-,W,227.0
227,-,5,E,E,O,17.25,-1.6857142857142857,"(False, 0.0)",Q,228,181.0,167.43,167.43,21.91,21.91,44.44,44.44,122.99,122.99,145.52,145.52,2.243832632222676,-69.6,156.3,1.7800901101163926,0.914141414141414,93.6,93.6,52.2,52.2,94.6,94.6,93.3,93.3,106.3,106.3,B,Q,228.0
228,-,0,E,E,O,17.548000000000002,-1.7285714285714289,"(False, 0.0)",I,229,61.0,64.77,64.77,9.37,9.37,58.03,58.03,6.75,6.75,55.4,55.4,1.9997729858421485,-116.1,119.1,1.9853569779160012,0.3609467455621302,36.9,36.9,22.6,22.6,41.8,41.8,18.3,18.3,41.3,41.3,-,I,229.0
229,-,20,E,E,O,15.778,-1.5857142857142859,"(False, 0.0)",Q,230,137.0,137.74,137.74,33.31,33.31,59.96,59.96,77.77,77.77,104.43,104.43,1.9993546465703904,-101.6,119.7,1.7917862015918329,0.6919191919191919,77.0,77.0,79.3,79.3,127.6,127.6,59.0,59.0,76.3,76.3,-,Q,230.0
230,-,0,E,E,O,15.223999999999998,-1.957142857142857,"(False, 0.0)",T,231,44.0,42.13,42.13,17.61,17.61,13.56,13.56,28.58,28.58,24.52,24.52,1.999546125478818,-96.0,-159.4,1.8574226354563208,0.30985915492957744,30.0,30.0,42.0,42.0,18.2,18.2,43.2,43.2,24.9,24.9,-,T,231.0
231,e,35,C,E,O,13.657999999999998,-0.9142857142857143,"(False, 0.0)",N,232,84.0,79.12,79.12,8.99,8.99,10.39,10.39,68.73,68.73,70.13,70.13,1.999386077367472,-34.0,121.5,1.9717883917553023,0.535031847133758,54.6,54.6,21.7,21.7,25.0,25.0,66.4,66.4,67.8,67.8,-,N,232.0
232,e,30,C,S,O,15.048000000000002,-2.1142857142857143,"(False, 0.0)",D,233,84.0,74.99,74.99,2.31,2.31,10.55,10.55,64.43,64.43,72.68,72.68,2.598901644963709,-102.0,169.7,1.8194615551265299,0.5153374233128835,52.5,52.5,5.5,5.5,24.8,24.8,64.3,64.3,72.3,72.3,-,D,233.0
233,e,35,C,C,O,15.036000000000001,-1.7142857142857142,"(False, 0.0)",E,234,16.0,14.99,14.99,2.85,2.85,1.77,1.77,13.22,13.22,12.15,12.15,3.408013470442293,-74.1,160.0,2.2510119772228347,0.08247422680412371,8.6,8.6,6.8,6.8,3.4,3.4,10.8,10.8,9.2,9.2,-,E,234.0
234,-,5,C,C,O,15.626,-1.3571428571428572,"(False, 0.0)",L,235,24.0,27.25,27.25,1.67,1.67,27.25,27.25,0.0,0.0,25.58,25.58,1.9997418937306783,-88.7,169.0,2.4906120737280064,0.14634146341463414,15.2,15.2,4.2,4.2,19.1,19.1,0.0,0.0,18.3,18.3,-,L,235.0
235,e,40,C,C,O,15.59,-0.6,"(False, 0.0)",K,236,93.0,92.96,92.96,5.43,5.43,36.75,36.75,56.22,56.22,87.54,87.54,2.7241380743024903,-137.9,-24.4,2.017762087170846,0.4536585365853658,45.4,45.4,12.9,12.9,33.1,33.1,59.9,59.9,53.7,53.7,-,K,236.0
236,e,35,C,C,O,15.175999999999998,-0.6,"(False, 0.0)",T,237,48.0,52.0,52.0,1.77,1.77,50.4,50.4,1.61,1.61,50.24,50.24,1.9994595869008684,-113.2,157.0,2.324137288422246,0.3380281690140845,37.0,37.0,4.2,4.2,67.7,67.7,2.4,2.4,50.9,50.9,S,T,237.0
237,-,5,H,H,O,13.61,-0.2857142857142857,"(False, 0.0)",A,238,18.0,21.3,21.3,1.52,1.52,19.78,19.78,1.52,1.52,19.78,19.78,2.4513936511848016,-57.0,-33.6,2.2326194116539457,0.16981132075471694,19.6,19.6,3.5,3.5,27.8,27.8,4.0,4.0,30.5,30.5,H,A,238.0
238,e,50,H,H,O,14.074000000000002,-1.3285714285714285,"(False, 0.0)",A,239,64.0,68.44,68.44,12.09,12.09,57.3,57.3,11.13,11.13,56.35,56.35,1.999450194539988,-74.5,-14.5,1.7676411191233832,0.6037735849056604,62.9,62.9,27.5,27.5,80.7,80.7,29.5,29.5,87.0,87.0,H,A,239.0
239,e,35,H,H,O,13.810000000000002,-1.0,"(False, 0.0)",E,240,64.0,59.85,59.85,11.38,11.38,39.97,39.97,19.88,19.88,48.47,48.47,1.9995249643382305,-88.9,-32.2,1.803767469082924,0.32989690721649484,34.4,34.4,27.1,27.1,77.3,77.3,16.2,16.2,36.7,36.7,H,E,240.0
240,-,0,H,H,O,14.996,-0.35714285714285715,"(False, 0.0)",Y,241,0.0,0.0,0.0,0.0,0.0,0.0,0.0,0.0,0.0,0.0,0.0,3.916210687828241,-68.5,-44.1,4.950300316553835,0.0,0.0,0.0,0.0,0.0,0.0,0.0,0.0,0.0,0.0,0.0,H,Y,241.0
241,e,35,H,T,O,16.976000000000003,0.02857142857142847,"(False, 0.0)",Q,242,81.0,72.11,72.11,1.95,1.95,15.66,15.66,56.45,56.45,70.16,70.16,2.5901127855886283,-55.9,-36.2,2.034052665027668,0.4090909090909091,40.3,40.3,4.6,4.6,33.3,33.3,42.8,42.8,51.3,51.3,T,Q,242.0
242,e,40,C,T,O,18.542,0.41428571428571426,"(False, 0.0)",P,243,64.0,67.07,67.07,6.91,6.91,61.59,61.59,5.48,5.48,60.16,60.16,1.999461185660235,-88.9,14.2,1.8870919262696104,0.4705882352941176,48.9,48.9,25.1,25.1,50.8,50.8,34.1,34.1,54.8,54.8,T,P,243.0
243,-,0,E,E,O,19.215999999999998,0.45714285714285713,"(False, 0.0)",L,244,14.000000000000002,14.41,14.41,1.18,1.18,14.41,14.41,0.0,0.0,13.24,13.24,1.9997213769089413,-57.8,145.1,2.7137831100143,0.08536585365853659,8.0,8.0,3.0,3.0,10.1,10.1,0.0,0.0,9.5,9.5,-,L,244.0
244,-,5,E,E,O,19.064,0.457142857142857,"(False, 0.0)",I,245,77.0,81.75,81.75,11.0,11.0,70.74,70.74,11.0,11.0,70.74,70.74,2.4844437989262405,-101.2,124.2,1.957120332564684,0.4556213017751479,46.5,46.5,26.5,26.5,50.9,50.9,29.9,29.9,52.7,52.7,E,I,245.0
245,-,0,E,E,O,19.183999999999997,0.4571428571428572,"(False, 0.0)",I,246,30.0,29.03,29.03,26.54,26.54,3.75,3.75,25.28,25.28,2.49,2.49,2.00000950772137,-107.2,-43.9,2.3273965922162034,0.17751479289940827,16.5,16.5,64.0,64.0,2.7,2.7,68.6,68.6,1.9,1.9,E,I,246.0
246,e,30,E,E,O,17.468,0.1857142857142857,"(False, 0.0)",H,247,95.0,91.65,91.65,4.91,4.91,59.46,59.46,32.2,32.2,86.75,86.75,1.9997319043491104,-161.8,166.7,2.0757130145675933,0.5163043478260869,50.1,50.1,12.5,12.5,61.3,61.3,37.5,37.5,60.3,60.3,E,H,247.0
247,-,20,C,E,O,15.751999999999999,-0.4142857142857143,"(False, 0.0)",Y,248,132.0,128.59,128.59,15.62,15.62,96.9,96.9,31.69,31.69,112.97,112.97,2.300233567972628,-125.9,115.2,1.8434866438313275,0.5945945945945946,60.0,60.0,40.6,40.6,72.8,72.8,39.1,39.1,64.3,64.3,-,Y,248.0
248,e,55,C,T,O,12.152,-1.1142857142857143,"(False, 0.0)",N,249,71.0,71.87,71.87,21.49,21.49,27.37,27.37,44.5,44.5,50.38,50.38,1.999637214640561,-61.1,-172.3,1.8437718991540832,0.4522292993630573,49.6,49.6,51.8,51.8,65.9,65.9,43.0,43.0,48.7,48.7,-,N,249.0
249,e,60,C,T,O,10.094,-1.5,"(False, 0.0)",N,250,157.0,167.73,167.73,40.25,40.25,40.65,40.65,127.08,127.08,127.48,127.48,1.9999903105854269,-71.5,70.3,1.7221912550789316,1.0,115.7,115.7,96.9,96.9,97.8,97.8,122.8,122.8,123.2,123.2,S,N,250.0
250,e,45,C,S,O,8.788,-0.4428571428571427,"(False, 0.0)",G,251,58.0,58.9,58.9,58.9,58.9,41.16,41.16,17.73,17.73,0.0,0.0,1.9995809343674924,91.8,141.0,1.7096095175722028,0.6904761904761905,72.6,72.6,72.6,72.6,113.0,113.0,39.7,39.7,inf,inf,S,G,251.0
251,e,25,C,C,O,10.538,-0.9000000000000001,"(False, 0.0)",G,252,58.0,59.05,59.05,59.05,59.05,39.63,39.63,19.42,19.42,0.0,0.0,1.9995262930994109,75.8,-170.1,1.7096332820259357,0.6904761904761905,72.8,72.8,72.8,72.8,108.8,108.8,43.5,43.5,inf,inf,S,G,252.0
252,-,15,E,E,O,10.83,0.14285714285714282,"(False, 0.0)",A,253,25.0,28.41,28.41,23.48,23.48,4.92,4.92,23.48,23.48,4.92,4.92,2.2825912621529096,-153.7,159.1,1.9034492804025505,0.2358490566037736,26.1,26.1,53.4,53.4,6.9,6.9,62.2,62.2,7.6,7.6,-,A,253.0
253,-,0,E,E,O,14.430000000000001,0.5857142857142856,"(False, 0.0)",V,254,5.0,4.97,4.97,0.68,0.68,4.97,4.97,0.0,0.0,4.28,4.28,1.9997656790683247,-103.4,124.7,2.576463647309652,0.035211267605633804,3.3,3.3,1.6,1.6,4.3,4.3,0.0,0.0,3.9,3.9,E,V,254.0
254,-,20,E,E,O,14.429999999999998,0.14285714285714285,"(False, 0.0)",R,255,103.0,97.51,97.51,0.0,0.0,23.56,23.56,73.95,73.95,97.51,97.51,3.127728746721855,-104.3,168.4,2.3254432937206726,0.4153225806451613,40.9,40.9,0.0,0.0,32.2,32.2,44.8,44.8,49.7,49.7,E,R,255.0
255,-,0,E,E,O,14.466,0.7999999999999999,"(False, 0.0)",L,256,1.0,1.01,1.01,0.0,0.0,1.01,1.01,0.0,0.0,1.01,1.01,4.006275592624015,-60.7,-39.8,4.5292632175181,0.006097560975609756,0.6,0.6,0.0,0.0,0.7,0.7,0.0,0.0,0.7,0.7,H,L,256.0
256,e,30,E,E,O,14.466000000000003,0.7999999999999999,"(False, 0.0)",G,257,38.0,38.8,38.8,38.8,38.8,15.77,15.77,23.03,23.03,0.0,0.0,1.9993695638687905,-61.5,-25.8,1.834482365118193,0.4523809523809524,47.8,47.8,47.8,47.8,43.3,43.3,51.6,51.6,inf,inf,H,G,257.0
257,-,10,E,E,O,13.91,0.0999999999999999,"(False, 0.0)",D,258,96.0,86.58,86.58,25.19,25.19,24.35,24.35,62.23,62.23,61.39,61.39,1.9997471150853516,-66.6,-35.3,1.6723059124122486,0.588957055214724,60.6,60.6,59.6,59.6,57.3,57.3,62.1,62.1,61.1,61.1,H,D,258.0
258,-,0,E,E,O,12.783999999999999,1.342857142857143,"(False, 0.0)",V,259,2.0,0.78,0.78,0.19,0.19,0.78,0.78,0.0,0.0,0.59,0.59,2.395439357110295,-99.1,-16.1,2.4533620418369417,0.014084507042253518,0.5,0.5,0.5,0.5,0.7,0.7,0.0,0.0,0.5,0.5,H,V,259.0
259,-,0,E,E,O,16.418,0.7000000000000001,"(False, 0.0)",A,260,11.0,10.17,10.17,10.17,10.17,3.59,3.59,6.58,6.58,0.0,0.0,1.9995929086426172,-156.7,154.6,2.058534751507733,0.10377358490566037,9.4,9.4,23.1,23.1,5.1,5.1,17.4,17.4,0.0,0.0,E,A,260.0
260,e,40,E,E,O,17.235999999999997,0.2571428571428572,"(False, 0.0)",T,261,81.0,83.84,83.84,4.68,4.68,69.88,69.88,13.96,13.96,79.17,79.17,1.9999606064923452,-80.3,142.5,1.8522861216786808,0.5704225352112676,59.6,59.6,11.1,11.1,93.9,93.9,21.1,21.1,80.3,80.3,E,T,261.0
261,-,0,E,E,O,15.258,0.642857142857143,"(False, 0.0)",V,262,11.0,10.98,10.98,10.98,10.98,0.24,0.24,10.74,10.74,0.0,0.0,1.9995284725724625,-135.8,125.0,2.3395567170578526,0.07746478873239436,7.2,7.2,26.4,26.4,0.2,0.2,29.1,29.1,0.0,0.0,E,V,262.0
262,e,35,E,E,O,14.852,0.6428571428571429,"(True, 0.8637)",T,263,77.00000000000001,75.5,75.5,0.54,0.54,45.2,45.2,30.31,30.31,74.97,74.97,2.12026103705054,-161.7,164.8,2.0610276059537234,0.5422535211267606,53.7,53.7,1.3,1.3,60.7,60.7,45.8,45.8,76.0,76.0,E,T,263.0
263,e,25,C,T,O,16.012,-0.11428571428571425,"(False, 0.0)",D,264,60.0,59.61,59.61,18.59,18.59,20.31,20.31,39.3,39.3,41.03,41.03,2.478233083383964,-79.2,126.4,1.857956089629713,0.3680981595092024,41.8,41.8,44.0,44.0,47.8,47.8,39.2,39.2,40.8,40.8,E,D,264.0
264,e,30,C,T,O,14.588,-0.5142857142857142,"(False, 0.0)",S,265,59.0,51.44,51.44,11.84,11.84,29.09,29.09,22.35,22.35,39.6,39.6,1.999413170172191,-151.3,176.7,1.921395155820134,0.4538461538461538,43.5,43.5,27.3,27.3,61.9,61.9,31.3,31.3,52.8,52.8,E,S,265.0
265,e,25,C,C,O,13.77,-0.5142857142857142,"(False, 0.0)",V,266,29.0,29.43,29.43,2.75,2.75,27.83,27.83,1.6,1.6,26.68,26.68,1.999492387945036,-54.5,143.1,2.085256504442666,0.20422535211267606,19.4,19.4,6.6,6.6,24.2,24.2,4.3,4.3,24.2,24.2,E,V,266.0
266,e,55,C,C,O,15.748,-1.0571428571428572,"(False, 0.0)",Q,267,29.0,29.79,29.79,5.55,5.55,1.39,1.39,28.4,28.4,24.23,24.23,3.2174525918641477,-62.6,-36.8,2.230205471882396,0.14646464646464644,16.7,16.7,13.2,13.2,3.0,3.0,21.5,21.5,17.7,17.7,S,Q,267.0
267,e,50,C,C,O,16.71,-1.0571428571428572,"(False, 0.0)",D,268,26.0,31.29,31.29,3.53,3.53,15.43,15.43,15.86,15.86,27.77,27.77,1.999650457446343,-144.8,134.6,1.8272480182612325,0.15950920245398773,21.9,21.9,8.3,8.3,36.3,36.3,15.8,15.8,27.6,27.6,-,D,268.0
268,e,30,C,C,O,14.960000000000003,-0.6857142857142857,"(False, 0.0)",V,269,96.0,100.31,100.31,9.98,9.98,91.75,91.75,8.56,8.56,90.33,90.33,1.9994586025764811,-111.1,0.4,1.8787802465364745,0.676056338028169,66.0,66.0,24.1,24.1,79.7,79.7,23.2,23.2,81.8,81.8,-,V,269.0
269,e,35,C,T,O,14.37,-1.3428571428571427,"(False, 0.0)",R,270,63.0,69.84,69.84,16.52,16.52,39.26,39.26,30.58,30.58,53.31,53.31,1.9998422893330636,-64.6,-47.6,1.8855460085476528,0.2540322580645161,29.3,29.3,39.3,39.3,53.7,53.7,18.5,18.5,27.2,27.2,S,R,270.0
270,-,15,E,E,O,12.714,-0.5714285714285714,"(False, 0.0)",N,271,34.0,36.84,36.84,3.74,3.74,3.62,3.62,33.22,33.22,33.1,33.1,2.4791203815642606,-95.8,146.4,1.864395107069302,0.21656050955414013,25.4,25.4,9.0,9.0,8.7,8.7,32.1,32.1,32.0,32.0,-,N,271.0
271,-,10,E,E,O,11.65,-0.17142857142857143,"(False, 0.0)",A,272,4.0,6.13,6.13,0.0,0.0,6.13,6.13,0.0,0.0,6.13,6.13,2.7810314345424696,-160.8,162.7,3.042633276881916,0.03773584905660377,5.6,5.6,0.0,0.0,8.6,8.6,0.0,0.0,9.5,9.5,E,A,272.0
272,-,0,E,E,O,11.948,-1.2714285714285716,"(False, 0.0)",G,273,1.0,0.18,0.18,0.18,0.18,0.18,0.18,0.0,0.0,0.0,0.0,5.067920848866666,-151.1,-180.0,4.127343191978577,0.011904761904761904,0.2,0.2,0.2,0.2,0.5,0.5,0.0,0.0,inf,inf,E,G,273.0
273,-,20,E,E,O,11.947999999999999,-0.37142857142857144,"(False, 0.0)",M,274,34.0,33.49,33.49,0.08,0.08,25.24,25.24,8.24,8.24,33.41,33.41,3.228310038703716,-160.0,154.1,3.1082765032074886,0.18085106382978725,17.3,17.3,0.2,0.2,21.5,21.5,10.9,10.9,22.1,22.1,E,M,274.0
274,-,10,E,E,O,11.947999999999999,-0.42857142857142855,"(False, 0.0)",T,275,15.0,16.39,16.39,1.62,1.62,14.76,14.76,1.62,1.62,14.76,14.76,3.0843658667080383,-121.7,117.1,2.5512499978447822,0.1056338028169014,11.7,11.7,3.9,3.9,19.8,19.8,2.5,2.5,15.0,15.0,E,T,275.0
275,e,45,C,T,O,14.410000000000002,-0.9142857142857144,"(False, 0.0)",N,276,67.0,62.07,62.07,2.0,2.0,23.42,23.42,38.65,38.65,60.07,60.07,2.622123947176432,63.4,-29.6,1.9483681258358527,0.4267515923566879,42.8,42.8,4.8,4.8,56.4,56.4,37.4,37.4,58.1,58.1,T,N,276.0
276,e,40,C,S,O,14.646,-0.6,"(False, 0.0)",A,277,62.0,64.97,64.97,27.6,27.6,38.39,38.39,26.58,26.58,37.37,37.37,1.999567326585068,160.1,15.0,1.7676552782305035,0.5849056603773585,59.7,59.7,62.8,62.8,54.1,54.1,70.4,70.4,57.7,57.7,T,A,277.0
277,e,35,C,C,O,13.792000000000002,-0.2285714285714286,"(False, 0.0)",K,278,100.0,99.73,99.73,0.5,0.5,66.35,66.35,33.37,33.37,99.22,99.22,1.999603988255908,-117.5,145.1,2.013824244405176,0.4878048780487805,48.7,48.7,1.2,1.2,59.7,59.7,35.6,35.6,60.9,60.9,E,K,278.0
278,e,45,C,C,O,15.508,0.41428571428571426,"(False, 0.0)",P,279,51.0,51.38,51.38,2.62,2.62,49.88,49.88,1.5,1.5,48.75,48.75,1.999678610316127,-53.3,127.1,2.3813838101556497,0.375,37.4,37.4,9.5,9.5,41.2,41.2,9.3,9.3,44.4,44.4,E,P,279.0
279,-,0,E,E,O,17.488,1.4571428571428573,"(False, 0.0)",A,280,0.0,0.57,0.57,0.47,0.47,0.57,0.57,0.0,0.0,0.1,0.1,5.232902011988703,-160.8,163.5,4.916863959636812,0.0,0.5,0.5,1.1,1.1,0.8,0.8,0.0,0.0,0.2,0.2,E,A,280.0
280,-,0,E,E,O,18.625999999999998,1.4714285714285713,"(False, 0.0)",I,281,0.0,0.42,0.42,0.42,0.42,0.09,0.09,0.33,0.33,0.0,0.0,6.2848525470975884,-139.9,171.9,6.312515587956005,0.0,0.2,0.2,1.0,1.0,0.1,0.1,0.9,0.9,0.0,0.0,E,I,281.0
281,-,0,E,E,O,18.389999999999997,2.6714285714285713,"(False, 0.0)",L,282,6.0,6.09,6.09,0.12,0.12,5.97,5.97,0.12,0.12,5.97,5.97,4.9114179884168605,-162.5,171.4,3.8292101694781855,0.03658536585365853,3.4,3.4,0.3,0.3,4.2,4.2,0.3,0.3,4.3,4.3,E,L,282.0
282,-,0,E,E,O,20.369999999999997,2.257142857142857,"(False, 0.0)",L,283,2.0,0.89,0.89,0.0,0.0,0.89,0.89,0.0,0.0,0.89,0.89,4.067967924488904,-115.1,128.0,4.334105093252355,0.012195121951219513,0.5,0.5,0.0,0.0,0.6,0.6,0.0,0.0,0.6,0.6,E,L,283.0
283,-,0,E,E,O,18.945999999999998,1.442857142857143,"(False, 0.0)",M,284,26.0,28.62,28.62,0.0,0.0,18.13,18.13,10.5,10.5,28.62,28.62,3.0756695780697605,-88.7,130.2,2.7105983731498458,0.13829787234042554,14.8,14.8,0.0,0.0,15.4,15.4,13.9,13.9,18.9,18.9,E,M,284.0
284,-,0,E,E,O,17.808,1.342857142857143,"(False, 0.0)",I,285,0.0,0.02,0.02,0.0,0.0,0.02,0.02,0.0,0.0,0.02,0.02,4.836269012535482,-107.6,136.9,5.361895968745656,0.0,0.0,0.0,0.0,0.0,0.0,0.0,0.0,0.0,0.0,0.0,E,I,285.0
285,-,15,E,E,O,17.808,0.5714285714285712,"(False, 0.0)",R,286,38.0,37.69,37.69,0.0,0.0,2.74,2.74,34.95,34.95,37.69,37.69,4.196106929936644,-114.5,135.3,2.9890844988846954,0.1532258064516129,15.8,15.8,0.0,0.0,3.7,3.7,21.2,21.2,19.2,19.2,E,R,286.0
286,e,35,E,E,O,18.044,-0.4714285714285715,"(False, 0.0)",K,287,9.0,7.6,7.6,0.01,0.01,6.99,6.99,0.62,0.62,7.59,7.59,5.943352745429128,-72.8,132.6,4.224098159136154,0.043902439024390234,3.7,3.7,0.0,0.0,6.3,6.3,0.7,0.7,4.7,4.7,E,K,287.0
287,e,30,C,C,O,16.478,-0.48571428571428577,"(False, 0.0)",L,288,54.0,57.37,57.37,0.0,0.0,57.37,57.37,0.0,0.0,57.37,57.37,3.992604854732265,-60.7,143.0,3.1802748944433064,0.32926829268292684,32.0,32.0,0.0,0.0,40.3,40.3,0.0,0.0,41.0,41.0,-,L,288.0
288,e,50,C,T,O,15.922,-1.6285714285714286,"(False, 0.0)",P,289,3.0,2.84,2.84,2.15,2.15,0.8,0.8,2.04,2.04,0.7,0.7,3.672565475993939,-54.3,154.6,3.102652037505469,0.02205882352941177,2.1,2.1,7.8,7.8,0.7,0.7,12.7,12.7,0.6,0.6,T,P,289.0
289,e,55,C,T,O,15.344,-0.3428571428571429,"(False, 0.0)",E,290,126.0,119.06,119.06,30.32,30.32,49.12,49.12,69.94,69.94,88.74,88.74,1.9996005179039888,65.3,-27.1,1.7994819035512075,0.6494845360824743,68.4,68.4,72.2,72.2,95.0,95.0,57.1,57.1,67.1,67.1,T,E,290.0
290,-,25,C,C,O,15.344,0.8571428571428573,"(False, 0.0)",A,291,21.0,22.52,22.52,17.2,17.2,16.06,16.06,6.46,6.46,5.32,5.32,1.9996246053078701,-60.5,142.9,1.8138101386219856,0.19811320754716985,20.7,20.7,39.1,39.1,22.6,22.6,17.1,17.1,8.2,8.2,-,A,291.0
291,-,30,C,C,O,16.137999999999998,-0.1857142857142857,"(False, 0.0)",N,292,36.0,33.21,33.21,8.44,8.44,20.01,20.01,13.2,13.2,24.77,24.77,1.9997103782190409,-90.5,129.7,1.9813029434090188,0.22929936305732485,22.9,22.9,20.3,20.3,48.2,48.2,12.8,12.8,23.9,23.9,-,N,292.0
292,-,0,H,H,O,16.314,-0.0571428571428572,"(False, 0.0)",I,293,11.0,10.75,10.75,1.18,1.18,9.57,9.57,1.18,1.18,9.57,9.57,2.6908062326507483,-59.2,-46.9,2.718049301850608,0.0650887573964497,6.1,6.1,2.9,2.9,6.9,6.9,3.2,3.2,7.1,7.1,H,I,293.0
293,-,5,H,H,O,17.168,1.042857142857143,"(False, 0.0)",I,294,31.0,35.3,35.3,0.15,0.15,35.3,35.3,0.0,0.0,35.15,35.15,2.3607546361014338,-61.7,-43.5,2.364039512024497,0.1834319526627219,20.1,20.1,0.4,0.4,25.4,25.4,0.0,0.0,26.2,26.2,H,I,294.0
294,e,35,H,H,O,18.918,0.2857142857142856,"(False, 0.0)",Q,295,99.0,95.94,95.94,2.38,2.38,26.73,26.73,69.2,69.2,93.56,93.56,1.999684243919148,-62.4,-45.1,2.049264471412718,0.5,53.6,53.6,5.7,5.7,56.9,56.9,52.5,52.5,68.4,68.4,H,Q,295.0
295,-,0,H,H,O,16.973999999999997,0.6714285714285715,"(False, 0.0)",T,296,1.0,1.51,1.51,0.04,0.04,1.51,1.51,0.0,0.0,1.46,1.46,2.736957378096424,-65.6,-42.7,3.191119753024865,0.007042253521126761,1.1,1.1,0.1,0.1,2.0,2.0,0.0,0.0,1.5,1.5,H,T,296.0
296,-,0,H,H,O,14.588,0.6714285714285715,"(False, 0.0)",V,297,1.0,2.68,2.68,0.0,0.0,2.68,2.68,0.0,0.0,2.68,2.68,3.3139334152844317,-59.8,-47.6,3.1253523038252298,0.007042253521126761,1.8,1.8,0.0,0.0,2.3,2.3,0.0,0.0,2.4,2.4,H,V,297.0
297,e,50,H,H,O,15.978000000000003,-0.6142857142857142,"(False, 0.0)",D,298,88.0,77.24,77.24,7.13,7.13,24.28,24.28,52.96,52.96,70.11,70.11,1.999818470517752,-64.2,-39.9,1.8469902326228087,0.5398773006134969,54.1,54.1,16.9,16.9,57.1,57.1,52.8,52.8,69.8,69.8,H,D,298.0
298,e,35,H,H,O,15.680000000000001,0.14285714285714288,"(False, 0.0)",S,299,27.0,25.67,25.67,6.59,6.59,12.9,12.9,12.77,12.77,19.08,19.08,1.9995723024040724,-61.8,-41.0,1.810094542143072,0.2076923076923077,21.7,21.7,15.2,15.2,27.5,27.5,17.9,17.9,25.5,25.5,H,S,299.0
299,-,0,H,H,O,13.666,-0.31428571428571417,"(False, 0.0)",I,300,0.0,0.01,0.01,0.0,0.0,0.01,0.01,0.0,0.0,0.01,0.01,3.9994316429996406,-66.6,-39.1,4.160465828504531,0.0,0.0,0.0,0.0,0.0,0.0,0.0,0.0,0.0,0.0,0.0,H,I,300.0
300,e,30,H,H,O,14.472,-0.3714285714285715,"(False, 0.0)",R,301,91.0,89.35,89.35,12.52,12.52,37.92,37.92,51.42,51.42,76.82,76.82,1.9994891165295607,-67.5,-12.3,1.908592565097717,0.36693548387096775,37.5,37.5,29.8,29.8,51.8,51.8,31.2,31.2,39.2,39.2,H,R,301.0
301,e,55,H,H,O,16.857999999999997,-0.09999999999999999,"(False, 0.0)",A,302,49.0,52.1,52.1,10.26,10.26,49.37,49.37,2.73,2.73,41.85,41.85,1.9994727817169469,-89.2,-47.6,1.8371353337560636,0.4622641509433962,47.9,47.9,23.3,23.3,69.5,69.5,7.2,7.2,64.6,64.6,H,A,302.0
302,-,20,H,H,O,16.064,-0.4857142857142857,"(False, 0.0)",K,303,66.0,67.12,67.12,0.0,0.0,31.19,31.19,35.92,35.92,67.12,67.12,2.9789763467062116,-63.4,-37.6,2.5452806194111712,0.32195121951219513,32.7,32.7,0.0,0.0,28.1,28.1,38.3,38.3,41.2,41.2,H,K,303.0
303,-,0,H,H,O,15.922,-0.5857142857142857,"(False, 0.0)",L,304,11.0,10.34,10.34,0.0,0.0,10.34,10.34,0.0,0.0,10.34,10.34,3.0909447689733365,-62.8,-44.8,3.0113579997261297,0.06707317073170732,5.8,5.8,0.0,0.0,7.3,7.3,0.0,0.0,7.4,7.4,H,L,304.0
304,e,50,H,H,O,17.901999999999997,-0.44285714285714295,"(False, 0.0)",P,305,54.0,60.45,60.45,6.09,6.09,55.21,55.21,5.24,5.24,54.36,54.36,2.38545384104522,-59.1,-24.3,2.0415676613873797,0.3970588235294117,44.1,44.1,22.1,22.1,45.6,45.6,32.6,32.6,49.6,49.6,H,P,305.0
305,e,50,H,H,O,17.65,-1.2,"(False, 0.0)",E,306,117.0,111.49,111.49,31.34,31.34,45.42,45.42,66.07,66.07,80.15,80.15,1.9998144653523418,-68.0,-18.4,1.7496236112340542,0.6030927835051546,64.0,64.0,74.6,74.6,87.9,87.9,53.9,53.9,60.6,60.6,H,E,306.0
306,-,0,H,H,O,16.083999999999996,-0.7428571428571429,"(False, 0.0)",L,307,22.0,27.1,27.1,0.53,0.53,26.57,26.57,0.53,0.53,26.57,26.57,2.186007741457478,-110.8,-4.1,2.180739814310048,0.13414634146341464,15.1,15.1,1.3,1.3,18.7,18.7,1.4,1.4,19.0,19.0,H,L,307.0
307,e,35,H,H,O,15.752,-0.6428571428571429,"(False, 0.0)",Q,308,80.0,72.94,72.94,6.88,6.88,11.95,11.95,61.0,61.0,66.07,66.07,2.599574801051752,-66.2,-37.2,1.9057189133780053,0.404040404040404,40.8,40.8,16.4,16.4,25.4,25.4,46.3,46.3,48.3,48.3,H,Q,308.0
308,e,60,H,H,O,17.318,-0.6428571428571427,"(False, 0.0)",E,309,152.0,147.65,147.65,37.82,37.82,78.8,78.8,68.85,68.85,109.83,109.83,1.9995388411470645,-71.7,-10.2,1.7165493297051904,0.7835051546391752,84.8,84.8,90.1,90.1,152.4,152.4,56.2,56.2,83.1,83.1,T,E,309.0
309,e,55,H,H,O,16.523999999999997,0.1142857142857143,"(False, 0.0)",T,310,102.0,107.98,107.98,29.04,29.04,77.41,77.41,30.58,30.58,78.94,78.94,1.9997904657542287,-109.8,10.1,1.7767330114057007,0.7183098591549296,76.8,76.8,69.2,69.2,104.0,104.0,46.2,46.2,80.0,80.0,T,T,310.0
310,-,10,C,C,O,15.934000000000001,-0.17142857142857132,"(False, 0.0)",I,311,48.0,51.11,51.11,20.55,20.55,31.89,31.89,19.22,19.22,30.56,30.56,1.9993933056903728,-71.0,151.4,1.9341853350842169,0.2840236686390533,29.1,29.1,49.5,49.5,23.0,23.0,52.2,52.2,22.8,22.8,S,I,311.0
311,e,40,C,C,O,15.52,0.9714285714285715,"(False, 0.0)",P,312,42.0,44.65,44.65,16.15,16.15,40.09,40.09,4.56,4.56,28.5,28.5,1.9994837764418536,-50.9,169.9,1.8339515008974965,0.3088235294117647,32.5,32.5,58.7,58.7,33.1,33.1,28.3,28.3,26.0,26.0,-,P,312.0
312,e,65,C,T,O,16.645999999999997,0.9714285714285714,"(False, 0.0)",A,313,106.0,116.25,116.25,48.74,48.74,79.73,79.73,36.52,36.52,67.5,67.5,1.9995337756001008,-66.6,-43.9,1.7675304494456983,1.0,106.9,106.9,110.9,110.9,112.3,112.3,96.7,96.7,104.2,104.2,S,A,313.0
313,e,50,C,T,O,14.701999999999998,1.6142857142857143,"(False, 0.0)",A,314,40.0,42.32,42.32,8.23,8.23,41.88,41.88,0.43,0.43,34.09,34.09,1.9996272120301328,-108.8,96.8,2.0194655471302183,0.37735849056603776,38.9,38.9,18.7,18.7,59.0,59.0,1.2,1.2,52.6,52.6,S,A,314.0
314,-,5,C,C,O,15.495999999999999,0.4714285714285714,"(False, 0.0)",I,315,11.0,12.95,12.95,12.46,12.46,0.69,0.69,12.25,12.25,0.48,0.48,1.9998182411154657,173.5,123.0,2.208246181487042,0.0650887573964497,7.4,7.4,30.0,30.0,0.5,0.5,33.2,33.2,0.4,0.4,-,I,315.0
315,e,40,E,E,O,16.086000000000002,1.342857142857143,"(False, 0.0)",D,316,104.0,87.94,87.94,0.6,0.6,6.85,6.85,81.09,81.09,87.34,87.34,2.0000629512571617,-117.0,144.5,2.0313744646045397,0.6380368098159509,61.6,61.6,1.4,1.4,16.1,16.1,80.9,80.9,86.9,86.9,E,D,316.0
316,-,0,E,E,O,18.065999999999995,1.3428571428571427,"(False, 0.0)",L,317,20.0,23.13,23.13,17.39,17.39,6.03,6.03,17.1,17.1,5.74,5.74,2.4406696480541394,-87.6,127.6,2.136629361432272,0.12195121951219512,12.9,12.9,43.7,43.7,4.2,4.2,46.0,46.0,4.1,4.1,E,L,317.0
317,e,25,E,E,O,16.086,0.5857142857142857,"(False, 0.0)",Q,318,98.0,89.51,89.51,5.45,5.45,21.47,21.47,68.04,68.04,84.06,84.06,1.9993631678679145,-132.4,169.8,1.7528839028188696,0.494949494949495,50.1,50.1,13.0,13.0,45.7,45.7,51.6,51.6,61.4,61.4,E,Q,318.0
318,-,10,E,E,O,16.639999999999997,-0.5571428571428572,"(False, 0.0)",I,319,68.0,75.52,75.52,9.82,9.82,65.7,65.7,9.82,9.82,65.7,65.7,2.6449587288305576,-119.6,133.3,2.062875485987345,0.40236686390532544,43.0,43.0,23.7,23.7,47.3,47.3,26.7,26.7,48.9,48.9,E,I,319.0
319,-,5,E,E,O,14.695999999999998,-0.7000000000000001,"(False, 0.0)",A,320,2.0,2.89,2.89,2.44,2.44,1.69,1.69,1.21,1.21,0.45,0.45,1.9998409621750166,-102.2,-98.6,2.1626869003767206,0.018867924528301886,2.7,2.7,5.6,5.6,2.4,2.4,3.2,3.2,0.7,0.7,E,A,320.0
320,-,15,E,E,O,14.662,-1.3571428571428572,"(False, 0.0)",Q,321,1.0,0.94,0.94,0.49,0.49,0.66,0.66,0.28,0.28,0.45,0.45,3.3348563415482197,-67.7,129.0,3.698418334226616,0.005050505050505051,0.5,0.5,1.2,1.2,1.4,1.4,0.2,0.2,0.3,0.3,E,Q,321.0
321,-,25,C,C,O,12.276,-1.0857142857142856,"(False, 0.0)",D,322,9.0,7.93,7.93,3.07,3.07,4.85,4.85,3.07,3.07,4.85,4.85,2.2389687722247955,-136.6,162.6,2.3199311785041856,0.05521472392638037,5.6,5.6,7.3,7.3,11.4,11.4,3.1,3.1,4.8,4.8,E,D,322.0
322,e,25,C,H,O,13.462,-1.8285714285714285,"(False, 0.0)",R,323,0.0,0.28,0.28,0.24,0.24,0.27,0.27,0.01,0.01,0.04,0.04,1.9994725400155804,-134.8,-4.1,3.3828131818331557,0.0,0.1,0.1,0.6,0.6,0.4,0.4,0.0,0.0,0.0,0.0,S,R,323.0
323,-,10,H,H,O,13.725999999999999,-1.442857142857143,"(False, 0.0)",S,324,15.0,14.82,14.82,0.0,0.0,2.98,2.98,11.84,11.84,14.82,14.82,2.9606151167054997,-70.9,-36.8,2.3233773669273123,0.1153846153846154,12.5,12.5,0.0,0.0,6.3,6.3,16.6,16.6,19.8,19.8,H,S,324.0
324,e,45,H,H,O,15.669999999999998,-1.5857142857142856,"(False, 0.0)",P,325,68.0,73.47,73.47,7.91,7.91,71.21,71.21,2.26,2.26,65.55,65.55,1.9996824180756405,-53.0,-38.8,1.9080002090081003,0.5,53.5,53.5,28.8,28.8,58.8,58.8,14.0,14.0,59.8,59.8,H,P,325.0
325,-,15,H,H,O,15.669999999999998,-0.8285714285714285,"(False, 0.0)",T,326,3.0,3.52,3.52,0.4,0.4,1.19,1.19,2.33,2.33,3.11,3.11,2.2757203482980737,-60.1,-43.6,2.756347306199007,0.02112676056338028,2.5,2.5,1.0,1.0,1.6,1.6,3.5,3.5,3.2,3.2,H,T,326.0
326,-,0,H,H,O,16.076,-0.3000000000000001,"(False, 0.0)",I,327,2.0,1.3,1.3,0.56,0.56,1.18,1.18,0.12,0.12,0.74,0.74,3.982080829840377,-68.0,-44.5,3.6170302789467965,0.01183431952662722,0.7,0.7,1.3,1.3,0.9,0.9,0.3,0.3,0.5,0.5,H,I,327.0
327,e,35,H,H,O,14.484,0.35714285714285715,"(False, 0.0)",R,328,158.0,155.94,155.94,5.57,5.57,58.34,58.34,97.6,97.6,150.37,150.37,1.9996567615740637,-60.7,-51.6,1.9425934828681723,0.6370967741935484,65.5,65.5,13.3,13.3,79.7,79.7,59.2,59.2,76.7,76.7,H,R,328.0
328,e,45,H,H,O,15.61,0.08571428571428583,"(False, 0.0)",A,329,27.0,30.78,30.78,3.96,3.96,30.71,30.71,0.07,0.07,26.82,26.82,1.9994408151394012,-62.8,-41.0,1.9940458631059892,0.2547169811320755,28.3,28.3,9.0,9.0,43.2,43.2,0.2,0.2,41.4,41.4,H,A,329.0
329,-,0,H,H,O,14.044,-0.31428571428571433,"(False, 0.0)",S,330,0.0,1.06,1.06,0.0,0.0,0.07,0.07,0.99,0.99,1.06,1.06,4.1583265405575585,-56.5,-48.6,4.2273120802247615,0.0,0.9,0.9,0.0,0.0,0.2,0.2,1.4,1.4,1.4,1.4,H,S,330.0
330,-,0,H,H,O,13.901999999999997,-0.35714285714285715,"(False, 0.0)",L,331,4.0,5.84,5.84,0.0,0.0,5.84,5.84,0.0,0.0,5.84,5.84,2.70521877293433,-77.0,-41.9,2.7252685847785525,0.024390243902439025,3.3,3.3,0.0,0.0,4.1,4.1,0.0,0.0,4.2,4.2,H,L,331.0
331,e,50,H,H,O,15.915999999999997,-0.21428571428571427,"(False, 0.0)",E,332,78.0,70.9,70.9,1.74,1.74,36.7,36.7,34.2,34.2,69.16,69.16,1.9995931935211144,-59.6,-40.2,1.7677798840184962,0.4020618556701031,40.7,40.7,4.1,4.1,71.0,71.0,27.9,27.9,52.3,52.3,H,E,332.0
332,e,45,H,H,O,16.736,-0.9714285714285714,"(False, 0.0)",E,333,51.0,45.55,45.55,0.53,0.53,3.4,3.4,42.14,42.14,45.01,45.01,2.3382348536981947,-66.2,-39.0,1.9495928981016224,0.26288659793814434,26.1,26.1,1.3,1.3,6.6,6.6,34.4,34.4,34.1,34.1,H,E,333.0
333,-,0,H,H,O,15.345999999999998,-0.9571428571428572,"(False, 0.0)",V,334,2.0,3.79,3.79,0.0,0.0,3.79,3.79,0.0,0.0,3.79,3.79,4.473630218183204,-64.6,-38.3,4.56085992864008,0.014084507042253518,2.5,2.5,0.0,0.0,3.3,3.3,0.0,0.0,3.4,3.4,H,V,334.0
334,-,20,H,H,O,15.786000000000001,-0.9571428571428572,"(False, 0.0)",E,335,66.0,56.4,56.4,0.93,0.93,23.25,23.25,33.15,33.15,55.48,55.48,1.9998294395812035,-59.6,-38.4,1.9073310238430647,0.3402061855670103,32.4,32.4,2.2,2.2,45.0,45.0,27.1,27.1,42.0,42.0,H,E,335.0
335,e,40,H,H,T,17.352,0.1857142857142857,"(False, 0.0)",Q,336,99.0,92.05,92.05,2.28,2.28,34.43,34.43,57.62,57.62,89.77,89.77,1.9993690380145663,-59.4,-45.7,1.801929766319896,0.5,51.5,51.5,5.4,5.4,73.3,73.3,43.7,43.7,65.6,65.6,H,Q,336.0
336,-,25,H,H,T,17.317999999999998,1.3285714285714287,"(False, 0.0)",T,337,4.0,4.59,4.59,0.0,0.0,4.59,4.59,0.0,0.0,4.59,4.59,2.9696534881131047,-62.7,-35.8,3.264661103869416,0.028169014084507043,3.3,3.3,0.0,0.0,6.2,6.2,0.0,0.0,4.7,4.7,H,T,337.0
337,-,0,H,H,T,18.883999999999997,0.6142857142857142,"(False, 0.0)",L,338,31.0,30.26,30.26,0.0,0.0,30.26,30.26,0.0,0.0,30.26,30.26,3.1685006515387597,-59.2,-47.1,2.619557832022246,0.18902439024390244,16.9,16.9,0.0,0.0,21.3,21.3,0.0,0.0,21.6,21.6,H,L,338.0
338,-,5,H,H,T,17.887999999999998,1.7142857142857142,"(False, 0.0)",I,339,116.0,117.68,117.68,0.0,0.0,117.68,117.68,0.0,0.0,117.68,117.68,2.393247506965236,-62.1,-43.8,2.0925423934190133,0.6863905325443787,67.0,67.0,0.0,0.0,84.7,84.7,0.0,0.0,87.7,87.7,H,I,339.0
339,-,15,H,H,T,19.048000000000002,2.4714285714285715,"(False, 0.0)",I,340,81.0,83.15,83.15,2.65,2.65,83.15,83.15,0.0,0.0,80.5,80.5,1.999929912187063,-63.0,-43.6,2.2052381944337194,0.4792899408284024,47.3,47.3,6.4,6.4,59.9,59.9,0.0,0.0,60.0,60.0,H,I,340.0
340,-,0,H,H,T,17.068,3.114285714285714,"(False, 0.0)",S,341,0.0,0.0,0.0,0.0,0.0,0.0,0.0,0.0,0.0,0.0,0.0,4.813060777773517,-60.2,-47.2,5.035081461487475,0.0,0.0,0.0,0.0,0.0,0.0,0.0,0.0,0.0,0.0,0.0,H,S,341.0
341,-,5,H,H,T,17.068,3.1714285714285713,"(False, 0.0)",V,342,36.0,34.35,34.35,1.28,1.28,33.4,33.4,0.96,0.96,33.07,33.07,2.544626744878788,-63.4,-40.3,2.450630086465794,0.2535211267605634,22.6,22.6,3.1,3.1,29.0,29.0,2.6,2.6,29.9,29.9,H,V,342.0
342,-,10,H,H,T,17.101999999999997,3.1714285714285713,"(False, 0.0)",A,343,40.0,40.13,40.13,1.47,1.47,40.13,40.13,0.0,0.0,38.67,38.67,1.999532062446958,-62.7,-44.1,2.1316298010758623,0.37735849056603776,36.9,36.9,3.3,3.3,56.5,56.5,0.0,0.0,59.7,59.7,H,A,343.0
343,-,15,H,H,T,19.488,3.0714285714285716,"(False, 0.0)",L,344,58.0,57.46,57.46,0.0,0.0,57.46,57.46,0.0,0.0,57.46,57.46,2.875065537806152,-61.1,-41.7,2.468436013393033,0.35365853658536583,32.0,32.0,0.0,0.0,40.4,40.4,0.0,0.0,41.1,41.1,H,L,344.0
344,-,10,H,H,T,19.453999999999997,3.7857142857142856,"(False, 0.0)",V,345,4.0,2.85,2.85,0.0,0.0,2.85,2.85,0.0,0.0,2.85,2.85,4.568084363188602,-60.9,-42.9,4.414656568994755,0.028169014084507043,1.9,1.9,0.0,0.0,2.5,2.5,0.0,0.0,2.6,2.6,H,V,345.0
345,-,15,H,H,T,21.468,3.7857142857142856,"(False, 0.0)",I,346,69.0,67.19,67.19,0.65,0.65,67.19,67.19,0.0,0.0,66.54,66.54,3.6047597420011437,-57.2,-44.1,2.685749716774311,0.40828402366863903,38.2,38.2,1.6,1.6,48.4,48.4,0.0,0.0,49.6,49.6,H,I,346.0
346,-,20,H,H,T,21.502,3.9285714285714284,"(False, 0.0)",L,347,105.0,104.17,104.17,3.49,3.49,101.02,101.02,3.15,3.15,100.68,100.68,2.3424060423550954,-64.1,-41.7,2.0340495277274315,0.6402439024390244,58.0,58.0,8.8,8.8,70.9,70.9,8.5,8.5,72.0,72.0,H,L,347.0
347,-,20,H,H,T,21.148000000000003,3.9285714285714284,"(False, 0.0)",V,348,6.0,5.4,5.4,0.92,0.92,5.25,5.25,0.15,0.15,4.48,4.48,1.9995158692763169,-64.3,-43.2,2.6359280821362137,0.04225352112676056,3.6,3.6,2.2,2.2,4.6,4.6,0.4,0.4,4.1,4.1,H,V,348.0
348,-,15,H,H,T,21.148000000000003,3.728571428571428,"(False, 0.0)",V,349,3.0,2.17,2.17,0.0,0.0,2.17,2.17,0.0,0.0,2.17,2.17,5.4664435956127235,-61.1,-41.1,5.2722728172853355,0.02112676056338028,1.4,1.4,0.0,0.0,1.9,1.9,0.0,0.0,2.0,2.0,H,V,349.0
349,-,20,H,H,T,20.828,3.628571428571429,"(False, 0.0)",F,350,87.0,83.3,83.3,0.0,0.0,83.3,83.3,0.0,0.0,83.3,83.3,3.1914109686801604,-60.5,-44.2,2.311180794842444,0.4416243654822335,41.7,41.7,0.0,0.0,50.5,50.5,0.0,0.0,51.6,51.6,H,F,350.0
350,-,20,H,H,T,20.794,2.442857142857143,"(False, 0.0)",L,351,58.0,58.52,58.52,1.81,1.81,58.52,58.52,0.0,0.0,56.71,56.71,1.9995614036914715,-57.8,-42.7,2.3401076516790296,0.35365853658536583,32.6,32.6,4.6,4.6,41.1,41.1,0.0,0.0,40.6,40.6,H,L,351.0
351,-,20,H,H,T,19.336,1.7285714285714289,"(False, 0.0)",F,352,0.0,1.56,1.56,1.28,1.28,0.28,0.28,1.28,1.28,0.28,0.28,3.6667625727506583,-86.8,-49.8,3.370935413302781,0.0,0.8,0.8,3.3,3.3,0.2,0.2,3.7,3.7,0.2,0.2,H,F,352.0
352,-,20,H,H,T,17.27,1.0714285714285714,"(False, 0.0)",L,353,25.0,27.11,27.11,10.0,10.0,18.62,18.62,8.49,8.49,17.11,17.11,1.9997831846145255,-69.2,-39.1,2.301201727652084,0.1524390243902439,15.1,15.1,25.1,25.1,13.1,13.1,22.8,22.8,12.2,12.2,H,L,353.0
353,-,35,H,H,I,13.669999999999998,0.02857142857142847,"(False, 0.0)",R,354,20.0,20.2,20.2,10.53,10.53,2.31,2.31,17.89,17.89,9.66,9.66,2.770893303625142,71.6,25.4,2.2361925482596368,0.08064516129032258,8.5,8.5,25.1,25.1,3.2,3.2,10.8,10.8,4.9,4.9,-,R,354.0
354,e,35,H,H,I,12.565999999999999,-0.2571428571428573,"(False, 0.0)",S,355,39.0,33.67,33.67,6.23,6.23,13.13,13.13,20.54,20.54,27.44,27.44,1.99982722572228,-142.1,126.5,2.2675317987100923,0.3,28.5,28.5,14.4,14.4,28.0,28.0,28.8,28.8,36.6,36.6,-,S,355.0
355,-,20,H,H,I,10.586,-0.7571428571428572,"(False, 0.0)",G,356,38.0,38.68,38.68,38.68,38.68,27.76,27.76,10.91,10.91,0.0,0.0,1.999413171033836,-52.1,-50.7,1.7817293834609187,0.4523809523809524,47.7,47.7,47.7,47.7,76.2,76.2,24.4,24.4,inf,inf,H,G,356.0
356,-,35,H,H,I,10.884,-0.6571428571428571,"(False, 0.0)",R,357,127.0,119.23,119.23,1.69,1.69,32.78,32.78,86.46,86.46,117.54,117.54,2.5603297098752282,-64.1,-37.6,2.172951196440174,0.5120967741935484,50.1,50.1,4.0,4.0,44.8,44.8,52.4,52.4,59.9,59.9,H,R,357.0
357,-,20,H,H,I,13.27,0.6285714285714284,"(False, 0.0)",A,358,7.0,7.09,7.09,0.02,0.02,7.07,7.07,0.02,0.02,7.07,7.07,2.636252348987697,-62.1,-41.9,3.1851487068832465,0.0660377358490566,6.5,6.5,0.0,0.0,10.0,10.0,0.1,0.1,10.9,10.9,H,A,358.0
358,-,20,H,H,I,16.869999999999997,0.5142857142857142,"(False, 0.0)",T,359,6.999999999999999,6.13,6.13,0.65,0.65,5.47,5.47,0.65,0.65,5.47,5.47,3.0696206022547887,-65.0,-40.8,2.542094123536521,0.04929577464788732,4.4,4.4,1.6,1.6,7.3,7.3,1.0,1.0,5.5,5.5,H,T,359.0
359,-,5,H,E,T,17.5,0.8285714285714285,"(False, 0.0)",I,360,84.0,85.11,85.11,0.53,0.53,85.11,85.11,0.0,0.0,84.58,84.58,1.9998066846587728,-59.0,-40.0,2.160660276091042,0.4970414201183432,48.4,48.4,1.3,1.3,61.3,61.3,0.0,0.0,63.0,63.0,H,I,360.0
360,-,5,H,H,T,17.5,2.0714285714285716,"(False, 0.0)",I,361,0.0,0.0,0.0,0.0,0.0,0.0,0.0,0.0,0.0,0.0,0.0,4.721133560499278,-61.3,-49.3,4.967826219065491,0.0,0.0,0.0,0.0,0.0,0.0,0.0,0.0,0.0,0.0,0.0,H,I,361.0
361,-,10,H,H,T,18.660000000000004,1.7,"(False, 0.0)",P,362,1.0,0.98,0.98,0.0,0.0,0.98,0.98,0.0,0.0,0.98,0.98,5.458478977563792,-71.3,-24.3,5.227610589762102,0.007352941176470587,0.7,0.7,0.0,0.0,0.8,0.8,0.0,0.0,0.9,0.9,H,P,362.0
362,-,10,H,H,T,16.274,2.3999999999999995,"(False, 0.0)",A,363,25.0,22.36,22.36,9.71,9.71,15.52,15.52,6.85,6.85,12.65,12.65,1.9996784728123709,-62.7,-39.1,2.0843438971375545,0.2358490566037736,20.6,20.6,22.1,22.1,21.8,21.8,18.1,18.1,19.5,19.5,H,A,363.0
363,-,15,H,E,T,16.308,1.5285714285714285,"(False, 0.0)",V,364,50.0,49.77,49.77,1.01,1.01,49.77,49.77,0.0,0.0,48.76,48.76,1.9996816191822424,-67.3,-28.6,2.2691932023392614,0.35211267605633795,32.7,32.7,2.4,2.4,43.2,43.2,0.0,0.0,44.1,44.1,H,V,364.0
364,-,20,H,H,T,16.308,1.4857142857142855,"(False, 0.0)",S,365,1.0,2.35,2.35,0.18,0.18,0.75,0.75,1.6,1.6,2.18,2.18,5.176606755740318,-59.5,-36.0,5.39658840797471,0.007692307692307694,2.0,2.0,0.4,0.4,1.6,1.6,2.2,2.2,2.9,2.9,H,S,365.0
365,-,20,H,H,T,18.321999999999996,1.5999999999999999,"(False, 0.0)",V,366,9.0,8.01,8.01,0.02,0.02,8.01,8.01,0.0,0.0,7.99,7.99,3.1641698467712764,-58.3,-52.8,2.557419766993508,0.06338028169014084,5.3,5.3,0.0,0.0,7.0,7.0,0.0,0.0,7.2,7.2,H,V,366.0
366,-,20,H,H,T,15.901999999999997,1.885714285714286,"(False, 0.0)",P,367,58.0,59.3,59.3,3.35,3.35,59.3,59.3,0.0,0.0,55.94,55.94,1.9994405699688,-64.9,-41.5,2.2330468330422693,0.4264705882352941,43.2,43.2,12.2,12.2,49.0,49.0,0.0,0.0,51.0,51.0,H,P,367.0
367,-,20,H,H,T,18.288,1.9285714285714286,"(False, 0.0)",V,368,6.999999999999999,8.81,8.81,0.0,0.0,8.81,8.81,0.0,0.0,8.81,8.81,3.2014776497737403,-61.9,-44.4,3.369862143837419,0.04929577464788732,5.8,5.8,0.0,0.0,7.7,7.7,0.0,0.0,8.0,8.0,H,V,368.0
368,-,30,H,H,T,18.253999999999998,1.9857142857142855,"(False, 0.0)",S,369,0.0,0.0,0.0,0.0,0.0,0.0,0.0,0.0,0.0,0.0,0.0,5.5761722571861245,-67.9,-46.7,5.545720098031785,0.0,0.0,0.0,0.0,0.0,0.0,0.0,0.0,0.0,0.0,0.0,H,S,369.0
369,-,20,H,H,T,15.447999999999999,1.2857142857142858,"(False, 0.0)",L,370,12.0,11.97,11.97,0.0,0.0,11.97,11.97,0.0,0.0,11.97,11.97,3.0325475308890373,-64.5,-46.1,2.7591229747270614,0.07317073170731707,6.7,6.7,0.0,0.0,8.4,8.4,0.0,0.0,8.6,8.6,H,L,370.0
370,-,20,H,H,T,14.288,1.9142857142857144,"(False, 0.0)",I,371,40.0,39.05,39.05,0.0,0.0,39.05,39.05,0.0,0.0,39.05,39.05,2.591012940433767,-67.1,-40.2,2.546854468899351,0.2366863905325444,22.2,22.2,0.0,0.0,28.1,28.1,0.0,0.0,29.1,29.1,H,I,371.0
371,-,20,H,H,T,16.354000000000003,1.5714285714285712,"(False, 0.0)",G,372,3.0,3.26,3.26,3.26,3.26,0.59,0.59,2.67,2.67,0.0,0.0,1.9995393455782056,-63.5,-31.5,2.2211888055024493,0.03571428571428571,4.0,4.0,4.0,4.0,1.6,1.6,6.0,6.0,inf,inf,H,G,372.0
372,-,20,H,H,T,14.373999999999999,1.9428571428571428,"(False, 0.0)",T,373,1.0,0.33,0.33,0.0,0.0,0.33,0.33,0.0,0.0,0.33,0.33,3.795364003283558,-64.1,-40.2,4.422304742345948,0.007042253521126761,0.2,0.2,0.0,0.0,0.4,0.4,0.0,0.0,0.3,0.3,H,T,373.0
373,-,20,H,H,T,12.394,1.6714285714285713,"(False, 0.0)",F,374,22.0,20.9,20.9,0.0,0.0,20.9,20.9,0.0,0.0,20.9,20.9,4.070775609019981,-57.1,-40.7,2.9528069295328008,0.1116751269035533,10.5,10.5,0.0,0.0,12.7,12.7,0.0,0.0,12.9,12.9,H,F,374.0
374,-,20,H,H,T,14.963999999999999,0.8428571428571427,"(False, 0.0)",A,375,22.0,22.04,22.04,4.54,4.54,18.85,18.85,3.2,3.2,17.51,17.51,1.9995205674830163,-62.9,-42.7,2.0572987138900074,0.2075471698113208,20.3,20.3,10.3,10.3,26.5,26.5,8.5,8.5,27.0,27.0,H,A,375.0
375,-,15,H,H,T,15.416,1.442857142857143,"(False, 0.0)",A,376,24.0,23.17,23.17,5.15,5.15,21.0,21.0,2.17,2.17,18.02,18.02,1.999621010845056,-64.6,-38.3,2.0838792913568116,0.22641509433962265,21.3,21.3,11.7,11.7,29.6,29.6,5.7,5.7,27.8,27.8,H,A,376.0
376,-,15,H,H,T,15.736,1.9,"(False, 0.0)",M,377,4.0,2.83,2.83,1.49,1.49,2.45,2.45,0.38,0.38,1.34,1.34,4.229483767705681,-58.8,-43.7,4.518259142836923,0.02127659574468085,1.5,1.5,3.5,3.5,2.1,2.1,0.5,0.5,0.9,0.9,H,M,377.0
377,-,25,H,H,T,16.128,1.4428571428571426,"(False, 0.0)",Y,378,151.0,140.79,140.79,10.09,10.09,82.13,82.13,58.66,58.66,130.7,130.7,1.999571458010146,-60.7,-44.6,2.012216213961191,0.6801801801801802,65.7,65.7,26.3,26.3,61.7,61.7,72.3,72.3,74.4,74.4,H,Y,378.0
378,-,20,H,H,T,14.508,1.5857142857142856,"(False, 0.0)",L,379,146.0,150.04,150.04,27.38,27.38,125.09,125.09,24.94,24.94,122.66,122.66,1.9999672436215543,-58.1,-39.7,1.9296024694617,0.8902439024390244,83.6,83.6,68.8,68.8,87.9,87.9,67.1,67.1,87.8,87.8,H,L,379.0
379,-,25,H,H,O,15.218,1.2142857142857142,"(False, 0.0)",C,380,82.0,79.52,79.52,31.13,31.13,17.72,17.72,61.8,61.8,48.39,48.39,1.9996464037783976,-99.5,6.0,1.8607821590404576,0.6074074074074074,60.2,60.2,73.2,73.2,44.9,44.9,66.6,66.6,54.0,54.0,T,C,380.0
380,-,30,C,T,O,13.506,1.4857142857142858,"(False, 0.0)",G,381,55.0,57.45,57.45,57.45,57.45,34.34,34.34,23.11,23.11,0.0,0.0,1.9997803912256855,80.4,26.6,1.7096706300564033,0.6547619047619048,70.8,70.8,70.8,70.8,94.2,94.2,51.8,51.8,inf,inf,T,G,381.0
381,-,20,C,C,O,13.506,1.1714285714285713,"(False, 0.0)",F,382,23.0,21.6,21.6,2.48,2.48,19.28,19.28,2.31,2.31,19.12,19.12,2.2428393089436107,-88.2,173.3,2.1713243568401484,0.116751269035533,10.8,10.8,6.5,6.5,11.7,11.7,6.6,6.6,11.8,11.8,-,F,382.0
382,-,20,C,C,O,13.378,0.12857142857142848,"(False, 0.0)",S,383,12.0,13.2,13.2,0.0,0.0,10.91,10.91,2.29,2.29,13.2,13.2,2.4476928249943697,-127.1,166.2,2.755680021380464,0.09230769230769233,11.2,11.2,0.0,0.0,23.2,23.2,3.2,3.2,17.6,17.6,-,S,383.0
383,-,10,H,H,O,15.262,0.3142857142857142,"(False, 0.0)",L,384,9.0,8.7,8.7,0.0,0.0,8.7,8.7,0.0,0.0,8.7,8.7,3.2601335377215968,-80.0,116.2,3.06624077628781,0.054878048780487805,4.8,4.8,0.0,0.0,6.1,6.1,0.0,0.0,6.2,6.2,B,L,384.0
384,-,25,H,H,O,15.581999999999999,0.2571428571428571,"(False, 0.0)",N,385,0.0,0.0,0.0,0.0,0.0,0.0,0.0,0.0,0.0,0.0,0.0,5.124026513947596,-153.8,177.4,5.07355266203413,0.0,0.0,0.0,0.0,0.0,0.0,0.0,0.0,0.0,0.0,0.0,S,N,385.0
385,-,20,H,H,O,15.581999999999999,0.39999999999999997,"(False, 0.0)",N,386,4.0,4.67,4.67,0.0,0.0,1.18,1.18,3.5,3.5,4.67,4.67,7.8093284601683415,-57.7,-43.9,7.315345753770955,0.025477707006369428,3.2,3.2,0.0,0.0,2.8,2.8,3.4,3.4,4.5,4.5,H,N,386.0
386,-,15,H,H,O,15.581999999999999,0.7857142857142856,"(False, 0.0)",L,387,0.0,0.07,0.07,0.0,0.0,0.07,0.07,0.0,0.0,0.07,0.07,8.777443915358058,-67.2,-47.2,8.302970157494235,0.0,0.0,0.0,0.0,0.0,0.0,0.0,0.0,0.0,0.0,0.0,H,L,387.0
387,-,15,H,H,O,16.268,0.5,"(False, 0.0)",S,388,0.0,0.12,0.12,0.0,0.0,0.12,0.12,0.0,0.0,0.12,0.12,7.04026898066622,-64.6,-41.1,6.558876961366424,0.0,0.1,0.1,0.0,0.0,0.2,0.2,0.0,0.0,0.2,0.2,H,S,388.0
388,-,15,H,H,T,16.003999999999998,1.5428571428571427,"(False, 0.0)",L,389,5.0,5.5,5.5,0.0,0.0,5.5,5.5,0.0,0.0,5.5,5.5,4.2914808921030065,-70.4,-38.5,3.7770726457350867,0.03048780487804878,3.1,3.1,0.0,0.0,3.9,3.9,0.0,0.0,3.9,3.9,H,L,389.0
389,-,20,H,H,T,16.003999999999998,1.9428571428571428,"(False, 0.0)",M,390,3.0,2.27,2.27,0.0,0.0,2.27,2.27,0.0,0.0,2.27,2.27,6.773623946161703,-59.7,-40.5,7.898202264507537,0.015957446808510637,1.2,1.2,0.0,0.0,1.9,1.9,0.0,0.0,1.5,1.5,H,M,390.0
390,-,10,H,H,T,17.264,2.042857142857143,"(False, 0.0)",A,391,0.0,0.0,0.0,0.0,0.0,0.0,0.0,0.0,0.0,0.0,0.0,6.80944814355594,-60.5,-44.3,6.521647727664617,0.0,0.0,0.0,0.0,0.0,0.0,0.0,0.0,0.0,0.0,0.0,H,A,391.0
391,-,10,H,H,T,17.264,2.414285714285714,"(False, 0.0)",L,392,1.0,1.39,1.39,0.0,0.0,1.39,1.39,0.0,0.0,1.39,1.39,3.292748964784552,-60.6,-42.0,2.9376220666599497,0.006097560975609756,0.8,0.8,0.0,0.0,1.0,1.0,0.0,0.0,1.0,1.0,H,L,392.0
392,-,10,H,H,T,16.314,1.7714285714285718,"(False, 0.0)",T,393,0.0,0.71,0.71,0.58,0.58,0.14,0.14,0.58,0.58,0.14,0.14,4.639622796715926,-62.4,-43.6,5.2711596927015645,0.0,0.5,0.5,1.4,1.4,0.2,0.2,0.9,0.9,0.1,0.1,H,T,393.0
393,-,10,H,H,T,17.168,1.4428571428571428,"(False, 0.0)",I,394,10.0,10.45,10.45,6.31,6.31,8.87,8.87,1.59,1.59,4.14,4.14,7.871565718185602,-70.2,-32.2,8.760841315553742,0.059171597633136085,5.9,5.9,15.2,15.2,6.4,6.4,4.3,4.3,3.1,3.1,H,I,394.0
394,-,5,H,H,T,13.568000000000001,1.5857142857142859,"(False, 0.0)",A,395,1.0,0.06,0.06,0.01,0.01,0.06,0.06,0.0,0.0,0.04,0.04,6.853209088304413,-60.2,-22.0,6.797383749275539,0.009433962264150943,0.1,0.1,0.0,0.0,0.1,0.1,0.0,0.0,0.1,0.1,H,A,395.0
395,-,10,H,H,T,14.374,1.642857142857143,"(False, 0.0)",T,396,1.0,1.47,1.47,0.04,0.04,0.08,0.08,1.39,1.39,1.43,1.43,5.416650409834183,-55.8,-42.0,5.2571058597961935,0.007042253521126761,1.0,1.0,0.1,0.1,0.1,0.1,2.1,2.1,1.5,1.5,H,T,396.0
396,-,5,H,H,T,14.408000000000001,2.3428571428571425,"(False, 0.0)",G,397,2.0,2.3,2.3,2.3,2.3,1.76,1.76,0.54,0.54,0.0,0.0,7.0765755637939725,-79.2,-21.9,7.455326897997023,0.023809523809523808,2.8,2.8,2.8,2.8,4.8,4.8,1.2,1.2,inf,inf,H,G,397.0
397,-,10,H,H,T,16.422,1.2,"(False, 0.0)",F,398,4.0,3.82,3.82,1.17,1.17,2.64,2.64,1.17,1.17,2.64,2.64,9.466005596746994,-106.0,-6.7,9.788117922664883,0.02030456852791878,1.9,1.9,3.1,3.1,1.6,1.6,3.4,3.4,1.6,1.6,H,F,398.0
398,-,5,H,H,T,15.604000000000003,0.44285714285714295,"(False, 0.0)",V,399,0.0,0.29,0.29,0.13,0.13,0.16,0.16,0.13,0.13,0.16,0.16,7.788103261109322,-83.4,-35.0,7.526293288742808,0.0,0.2,0.2,0.3,0.3,0.1,0.1,0.3,0.3,0.1,0.1,H,V,399.0
399,-,5,E,H,T,17.26,0.7999999999999999,"(False, 0.0)",V,400,2.0,1.16,1.16,0.0,0.0,1.16,1.16,0.0,0.0,1.16,1.16,6.3657614360553385,-64.4,-40.2,6.07826981251099,0.014084507042253518,0.8,0.8,0.0,0.0,1.0,1.0,0.0,0.0,1.1,1.1,H,V,400.0
400,-,15,C,H,T,15.6,1.5,"(False, 0.0)",D,401,3.0,2.76,2.76,0.99,0.99,2.19,2.19,0.57,0.57,1.77,1.77,5.350705206743845,-42.6,-57.5,5.7605990756797265,0.018404907975460124,1.9,1.9,2.4,2.4,5.2,5.2,0.6,0.6,1.8,1.8,H,D,401.0
401,-,25,C,H,T,15.566000000000003,1.7000000000000004,"(False, 0.0)",D,402,5.0,8.47,8.47,0.0,0.0,2.17,2.17,6.3,6.3,8.47,8.47,6.0955862591331424,-77.3,-21.6,6.4352883622877695,0.030674846625766868,5.9,5.9,0.0,0.0,5.1,5.1,6.3,6.3,8.4,8.4,H,D,402.0
402,-,0,H,H,T,15.565999999999999,1.7000000000000004,"(False, 0.0)",A,403,0.0,1.06,1.06,0.04,0.04,1.02,1.02,0.04,0.04,1.02,1.02,7.3723074439816525,-69.1,-41.4,7.086974905976992,0.0,1.0,1.0,0.1,0.1,1.4,1.4,0.1,0.1,1.6,1.6,H,A,403.0
403,-,0,E,H,T,17.544,1.6428571428571428,"(False, 0.0)",I,404,4.0,4.53,4.53,0.4,0.4,4.53,4.53,0.0,0.0,4.13,4.13,4.5962569502013215,-60.4,-44.7,4.452871457378126,0.02366863905325444,2.6,2.6,1.0,1.0,3.3,3.3,0.0,0.0,3.1,3.1,H,I,404.0
404,-,0,H,H,T,19.488,1.6428571428571428,"(False, 0.0)",V,405,26.0,27.0,27.0,1.85,1.85,26.22,26.22,0.78,0.78,25.16,25.16,1.9996140570317835,-59.6,-43.2,2.139653089484024,0.18309859154929575,17.8,17.8,4.4,4.4,22.8,22.8,2.1,2.1,22.8,22.8,H,V,405.0
405,-,0,H,H,T,19.901999999999997,1.6428571428571428,"(False, 0.0)",V,406,5.0,3.74,3.74,1.35,1.35,3.74,3.74,0.0,0.0,2.38,2.38,4.099477835878808,-59.1,-48.3,4.887153288649187,0.035211267605633804,2.5,2.5,3.3,3.3,3.2,3.2,0.0,0.0,2.2,2.2,H,V,406.0
406,-,0,H,H,T,18.186,2.0285714285714285,"(False, 0.0)",L,407,6.0,4.14,4.14,0.0,0.0,4.14,4.14,0.0,0.0,4.14,4.14,4.576405511795596,-64.5,-44.8,3.605989669728349,0.03658536585365853,2.3,2.3,0.0,0.0,2.9,2.9,0.0,0.0,3.0,3.0,H,L,407.0
407,-,15,H,H,T,18.151999999999997,1.6428571428571428,"(False, 0.0)",E,408,51.0,49.72,49.72,4.96,4.96,24.77,24.77,24.95,24.95,44.76,44.76,1.9995696204425508,-61.6,-39.8,1.8413143434897032,0.26288659793814434,28.5,28.5,11.8,11.8,47.9,47.9,20.4,20.4,33.9,33.9,H,E,408.0
408,-,10,H,H,T,16.137999999999998,0.39999999999999997,"(False, 0.0)",N,409,24.0,20.12,20.12,0.72,0.72,0.7,0.7,19.42,19.42,19.41,19.41,1.9999893045375088,-63.0,-39.3,2.2024044740674693,0.15286624203821655,13.9,13.9,1.7,1.7,1.7,1.7,18.8,18.8,18.8,18.8,H,N,409.0
409,-,0,H,H,T,14.713999999999999,-0.6571428571428571,"(False, 0.0)",I,410,1.0,0.88,0.88,0.0,0.0,0.88,0.88,0.0,0.0,0.88,0.88,5.042872887469238,-61.6,-47.7,4.952173546730076,0.005917159763313609,0.5,0.5,0.0,0.0,0.6,0.6,0.0,0.0,0.7,0.7,H,I,410.0
410,-,25,H,H,T,14.738,-0.6571428571428573,"(False, 0.0)",A,411,24.0,25.74,25.74,0.17,0.17,25.68,25.68,0.06,0.06,25.57,25.57,2.6375152981549865,-61.7,-42.6,2.3432208766658964,0.22641509433962265,23.7,23.7,0.4,0.4,36.2,36.2,0.2,0.2,39.5,39.5,H,A,411.0
411,e,35,H,H,I,16.454,-0.6571428571428571,"(False, 0.0)",R,412,101.0,108.13,108.13,9.62,9.62,69.83,69.83,38.3,38.3,98.5,98.5,1.9998504988838333,-61.8,-43.4,1.8544324676807564,0.40725806451612906,45.4,45.4,22.9,22.9,95.4,95.4,23.2,23.2,50.2,50.2,H,R,412.0
412,-,20,H,H,I,14.888,0.0999999999999999,"(False, 0.0)",H,413,34.0,38.42,38.42,1.76,1.76,23.43,23.43,14.99,14.99,36.66,36.66,1.999317635075468,-75.8,-17.6,2.002453862888989,0.18478260869565216,21.0,21.0,4.5,4.5,24.1,24.1,17.4,17.4,25.5,25.5,H,H,413.0
413,-,15,H,H,I,14.888,-0.6,"(False, 0.0)",L,414,11.0,11.91,11.91,8.26,8.26,3.64,3.64,8.26,8.26,3.64,3.64,2.4272597690638418,-71.7,-16.6,2.253294756180511,0.06707317073170732,6.6,6.6,20.8,20.8,2.6,2.6,22.2,22.2,2.6,2.6,H,L,414.0
414,e,55,H,H,I,12.712,-0.5857142857142857,"(False, 0.0)",E,415,123.0,115.73,115.73,36.23,36.23,29.75,29.75,85.98,85.98,79.5,79.5,1.9999181646018152,-70.4,-14.0,1.8041791515013808,0.634020618556701,66.4,66.4,86.3,86.3,57.5,57.5,70.2,70.2,60.1,60.1,T,E,415.0
415,e,55,C,T,I,13.224,-0.5000000000000001,"(False, 0.0)",A,416,86.0,88.76,88.76,40.34,40.34,61.3,61.3,27.46,27.46,48.42,48.42,1.9996980768359165,-93.3,9.6,1.767655095831018,0.8113207547169812,81.6,81.6,91.8,91.8,86.3,86.3,72.7,72.7,74.7,74.7,T,A,416.0
416,e,60,C,T,I,12.086,-0.2714285714285715,"(False, 0.0)",G,417,68.0,68.75,68.75,68.75,68.75,38.26,38.26,30.49,30.49,0.0,0.0,1.999569902241052,86.4,3.9,1.7095982798460787,0.8095238095238095,84.8,84.8,84.8,84.8,105.0,105.0,68.3,68.3,inf,inf,T,G,417.0
417,e,50,C,C,I,12.857999999999999,-0.2714285714285714,"(False, 0.0)",M,418,63.0,66.66,66.66,6.64,6.64,29.34,29.34,37.32,37.32,60.02,60.02,1.9997327304038992,-63.0,141.1,1.9905109065238729,0.3351063829787234,34.5,34.5,15.8,15.8,24.9,24.9,49.4,49.4,39.7,39.7,-,M,418.0
418,e,55,C,C,I,14.838,-0.27142857142857146,"(False, 0.0)",K,419,158.0,150.22,150.22,3.96,3.96,91.75,91.75,58.47,58.47,146.26,146.26,1.9996533230286395,-66.4,147.3,2.2245866515532877,0.7707317073170732,73.3,73.3,9.4,9.4,82.6,82.6,62.3,62.3,89.7,89.7,-,K,419.0
419,e,40,H,H,I,17.048000000000002,-0.27142857142857146,"(False, 0.0)",P,420,24.0,24.46,24.46,0.0,0.0,24.46,24.46,0.0,0.0,24.46,24.46,2.737718866152891,-44.8,-48.3,2.591035256410756,0.17647058823529413,17.8,17.8,0.0,0.0,20.2,20.2,0.0,0.0,22.3,22.3,H,P,420.0
420,-,30,H,H,I,16.098000000000003,0.04285714285714296,"(False, 0.0)",L,421,64.0,65.67,65.67,0.0,0.0,65.67,65.67,0.0,0.0,65.67,65.67,3.1066467102470017,-59.5,-46.9,2.534035346994885,0.3902439024390244,36.6,36.6,0.0,0.0,46.1,46.1,0.0,0.0,47.0,47.0,H,L,421.0
421,e,45,H,H,I,15.256,0.31428571428571417,"(False, 0.0)",Q,422,80.0,76.05,76.05,0.03,0.03,19.99,19.99,56.06,56.06,76.01,76.01,2.6509955347837364,-70.4,-42.8,2.1308877895773604,0.404040404040404,42.5,42.5,0.1,0.1,42.5,42.5,42.5,42.5,55.6,55.6,H,Q,422.0
422,-,0,H,H,I,16.05,0.37142857142857144,"(False, 0.0)",A,423,0.0,0.0,0.0,0.0,0.0,0.0,0.0,0.0,0.0,0.0,0.0,4.062799232151552,-64.3,-34.8,4.290939830713209,0.0,0.0,0.0,0.0,0.0,0.0,0.0,0.0,0.0,0.0,0.0,H,A,423.0
423,-,0,H,H,I,14.66,0.5428571428571428,"(False, 0.0)",A,424,0.0,0.0,0.0,0.0,0.0,0.0,0.0,0.0,0.0,0.0,0.0,5.649015018070141,-62.3,-42.3,5.252308664759869,0.0,0.0,0.0,0.0,0.0,0.0,0.0,0.0,0.0,0.0,0.0,H,A,424.0
424,-,20,H,H,I,12.45,-0.10000000000000002,"(False, 0.0)",L,425,5.0,9.03,9.03,0.62,0.62,8.41,8.41,0.62,0.62,8.41,8.41,2.8819000763473297,-63.1,-37.5,2.4090341134953763,0.03048780487804878,5.0,5.0,1.6,1.6,5.9,5.9,1.7,1.7,6.0,6.0,H,L,425.0
425,e,50,H,H,I,13.303999999999998,-0.24285714285714288,"(False, 0.0)",Q,426,66.0,64.41,64.41,3.24,3.24,18.01,18.01,46.4,46.4,61.16,61.16,1.999709618171419,-69.0,-45.1,1.8649166466346745,0.3333333333333333,36.0,36.0,7.7,7.7,38.3,38.3,35.2,35.2,44.7,44.7,H,Q,426.0
426,-,0,H,H,I,13.860000000000003,-1.0000000000000002,"(False, 0.0)",G,427,3.0,3.08,3.08,3.08,3.08,0.0,0.0,3.08,3.08,0.0,0.0,3.008982598399359,-77.4,-1.3,3.623672473979153,0.03571428571428571,3.8,3.8,3.8,3.8,0.0,0.0,6.9,6.9,inf,inf,T,G,427.0
427,-,0,H,H,I,12.294,-0.6571428571428573,"(False, 0.0)",T,428,28.0,26.1,26.1,14.11,14.11,7.63,7.63,18.47,18.47,11.99,11.99,3.0459151278300403,-101.8,-8.4,2.3208117894018043,0.19718309859154928,18.6,18.6,33.6,33.6,10.3,10.3,27.9,27.9,12.2,12.2,T,T,428.0
428,e,45,H,H,I,13.718,-1.2571428571428573,"(False, 0.0)",R,429,201.0,196.01,196.01,43.9,43.9,68.92,68.92,127.08,127.08,152.11,152.11,1.9996220157203093,-75.6,-32.1,1.8427191715423692,0.8104838709677419,82.3,82.3,104.5,104.5,94.2,94.2,77.0,77.0,77.5,77.5,T,R,429.0
429,e,35,H,H,I,13.718,-0.35714285714285715,"(False, 0.0)",E,430,79.0,73.56,73.56,9.74,9.74,47.03,47.03,26.54,26.54,63.83,63.83,1.9995543345785296,-86.1,166.8,1.7797756184058704,0.4072164948453608,42.2,42.2,23.2,23.2,91.0,91.0,21.7,21.7,48.3,48.3,S,E,430.0
430,-,0,H,H,T,14.524000000000001,-0.39999999999999997,"(False, 0.0)",V,431,24.0,27.77,27.77,7.59,7.59,20.2,20.2,7.57,7.57,20.18,20.18,2.2533407898254074,76.7,-46.3,2.4239099592150057,0.16901408450704225,18.3,18.3,18.3,18.3,17.6,17.6,20.5,20.5,18.3,18.3,S,V,431.0
431,-,10,H,H,T,14.822000000000003,0.3,"(False, 0.0)",G,432,10.0,9.38,9.38,9.38,9.38,8.78,8.78,0.6,0.6,0.0,0.0,1.99958227580499,-47.8,-50.9,1.913570309759297,0.11904761904761905,11.6,11.6,11.6,11.6,24.1,24.1,1.3,1.3,inf,inf,H,G,432.0
432,-,15,H,H,T,16.422,1.4857142857142855,"(False, 0.0)",F,433,165.0,167.37,167.37,7.55,7.55,160.85,160.85,6.52,6.52,159.82,159.82,1.9998307655303895,-61.5,-44.3,1.9682704571933236,0.8375634517766497,83.7,83.7,19.6,19.6,97.5,97.5,18.6,18.6,99.0,99.0,H,F,433.0
433,-,5,H,H,T,16.387999999999998,1.8714285714285717,"(True, 0.8344)",T,434,43.0,40.87,40.87,2.42,2.42,18.1,18.1,22.77,22.77,38.45,38.45,1.9997915026072728,-60.6,-45.6,2.1506218756544557,0.3028169014084507,29.1,29.1,5.8,5.8,24.3,24.3,34.4,34.4,39.0,39.0,H,T,434.0
434,-,5,H,H,T,17.601999999999997,1.542857142857143,"(False, 0.0)",V,435,2.0,1.12,1.12,0.0,0.0,1.12,1.12,0.0,0.0,1.12,1.12,4.550433768627963,-63.0,-44.6,4.398980102483043,0.014084507042253518,0.7,0.7,0.0,0.0,1.0,1.0,0.0,0.0,1.0,1.0,H,V,435.0
435,-,5,H,H,T,16.892,1.4857142857142855,"(False, 0.0)",L,436,75.0,74.79,74.79,0.18,0.18,74.61,74.61,0.18,0.18,74.61,74.61,2.2666860997955163,-62.0,-46.7,2.2192611926956536,0.4573170731707317,41.7,41.7,0.5,0.5,52.4,52.4,0.5,0.5,53.4,53.4,H,L,436.0
436,-,5,H,H,T,15.632,1.6285714285714283,"(False, 0.0)",S,437,24.0,21.49,21.49,4.52,4.52,7.77,7.77,13.72,13.72,16.97,16.97,1.9994237277693898,-64.1,-46.5,1.834427547377943,0.18461538461538465,18.2,18.2,10.4,10.4,16.6,16.6,19.2,19.2,22.6,22.6,H,S,437.0
437,-,10,H,H,T,15.597999999999999,1.6142857142857143,"(False, 0.0)",M,438,4.0,2.62,2.62,0.63,0.63,2.18,2.18,0.45,0.45,1.99,1.99,3.743670821065064,-63.7,-38.3,3.7301368870752967,0.02127659574468085,1.4,1.4,1.5,1.5,1.8,1.8,0.6,0.6,1.3,1.3,H,M,438.0
438,-,10,H,H,T,13.212,1.557142857142857,"(False, 0.0)",S,439,5.0,7.07,7.07,2.68,2.68,4.2,4.2,2.87,2.87,4.39,4.39,2.6641566834641317,-60.1,-42.4,2.502829767006125,0.038461538461538464,6.0,6.0,6.2,6.2,8.9,8.9,4.0,4.0,5.9,5.9,H,S,439.0
439,-,10,H,E,T,15.598000000000003,1.6142857142857143,"(False, 0.0)",L,440,118.0,117.7,117.7,3.73,3.73,114.43,114.43,3.26,3.26,113.97,113.97,1.999511999455536,-60.7,-42.8,1.903931928419725,0.7195121951219512,65.5,65.5,9.4,9.4,80.4,80.4,8.8,8.8,81.5,81.5,H,L,440.0
440,-,15,E,E,T,16.662,1.9857142857142855,"(False, 0.0)",S,441,4.0,5.22,5.22,0.82,0.82,1.9,1.9,3.32,3.32,4.4,4.4,3.2141773360875736,-62.7,-45.9,3.4340686847365953,0.030769230769230767,4.4,4.4,1.9,1.9,4.1,4.1,4.6,4.6,5.9,5.9,H,S,441.0
441,-,15,E,E,T,17.068,2.314285714285714,"(False, 0.0)",L,442,7.000000000000001,7.52,7.52,2.92,2.92,6.97,6.97,0.55,0.55,4.6,4.6,5.396207175602084,-62.8,-44.8,5.614414900060061,0.042682926829268296,4.2,4.2,7.3,7.3,4.9,4.9,1.5,1.5,3.3,3.3,H,L,442.0
442,-,10,H,E,T,17.101999999999997,2.8285714285714287,"(False, 0.0)",V,443,19.0,19.49,19.49,0.0,0.0,19.49,19.49,0.0,0.0,19.49,19.49,2.909564453323916,-64.1,-35.9,2.526896251239354,0.13380281690140844,12.8,12.8,0.0,0.0,16.9,16.9,0.0,0.0,17.6,17.6,H,V,443.0
443,-,5,E,E,T,19.168,2.8285714285714287,"(False, 0.0)",A,444,13.0,12.02,12.02,2.07,2.07,11.86,11.86,0.15,0.15,9.95,9.95,1.9997308744717652,-56.5,-27.7,2.016789666137336,0.12264150943396225,11.1,11.1,4.7,4.7,16.7,16.7,0.4,0.4,15.4,15.4,H,A,444.0
444,-,10,E,E,T,19.168,2.7142857142857144,"(False, 0.0)",V,445,2.0,1.16,1.16,0.0,0.0,1.16,1.16,0.0,0.0,1.16,1.16,4.568107039131411,-59.0,-41.1,5.362652318503526,0.014084507042253518,0.8,0.8,0.0,0.0,1.0,1.0,0.0,0.0,1.1,1.1,T,V,445.0
445,-,15,H,E,T,18.34,2.7142857142857144,"(False, 0.0)",F,446,0.0,0.25,0.25,0.0,0.0,0.25,0.25,0.0,0.0,0.25,0.25,5.446135136861403,-94.4,-15.0,6.469506854101316,0.0,0.1,0.1,0.0,0.0,0.2,0.2,0.0,0.0,0.2,0.2,T,F,446.0
446,-,15,H,H,T,20.32,2.657142857142857,"(False, 0.0)",L,447,82.0,85.17,85.17,2.17,2.17,83.18,83.18,1.99,1.99,83.0,83.0,2.0938463678055617,-68.9,-41.3,2.126720731712447,0.5,47.4,47.4,5.4,5.4,58.4,58.4,5.4,5.4,59.4,59.4,T,L,447.0
447,-,15,H,C,T,20.286,2.9428571428571426,"(False, 0.0)",P,448,16.0,15.62,15.62,2.5,2.5,14.39,14.39,1.23,1.23,13.11,13.11,1.9996986010006617,-62.3,-25.8,2.0180858560379984,0.1176470588235294,11.4,11.4,9.1,9.1,11.9,11.9,7.6,7.6,12.0,12.0,G,P,448.0
448,-,10,H,H,T,20.606,2.614285714285714,"(False, 0.0)",L,449,1.0,0.5,0.5,0.25,0.25,0.34,0.34,0.15,0.15,0.25,0.25,4.736890686957998,-59.2,-34.9,5.8462673269404615,0.006097560975609756,0.3,0.3,0.6,0.6,0.2,0.2,0.4,0.4,0.2,0.2,G,L,449.0
449,-,15,H,E,T,19.576,2.157142857142857,"(False, 0.0)",L,450,36.0,35.42,35.42,2.42,2.42,33.0,33.0,2.42,2.42,33.0,33.0,2.855644106886975,-74.0,-16.1,2.3328865967381565,0.2195121951219512,19.7,19.7,6.1,6.1,23.2,23.2,6.5,6.5,23.6,23.6,G,L,450.0
450,-,15,E,E,T,16.77,1.557142857142857,"(False, 0.0)",L,451,140.0,144.82,144.82,26.24,26.24,120.9,120.9,23.92,23.92,118.59,118.59,1.9995697072986205,-98.5,-4.5,2.030898828386451,0.8536585365853658,80.7,80.7,66.0,66.0,84.9,84.9,64.4,64.4,84.8,84.8,G,L,451.0
451,-,10,E,E,T,13.169999999999998,2.3285714285714287,"(False, 0.0)",M,452,38.0,37.5,37.5,1.43,1.43,29.33,29.33,8.17,8.17,36.07,36.07,1.9999854859781532,-67.8,145.6,2.024281206678044,0.20212765957446807,19.4,19.4,3.4,3.4,24.9,24.9,10.8,10.8,23.9,23.9,-,M,452.0
452,e,35,C,T,T,13.169999999999998,1.557142857142857,"(False, 0.0)",G,453,58.0,55.93,55.93,55.93,55.93,36.54,36.54,19.39,19.39,0.0,0.0,1.9996060120512065,-86.3,-178.9,1.7096165088366877,0.6904761904761905,69.0,69.0,69.0,69.0,100.3,100.3,43.4,43.4,inf,inf,-,G,453.0
453,-,30,C,T,O,12.376,0.9571428571428571,"(False, 0.0)",G,454,39.0,38.37,38.37,38.37,38.37,19.48,19.48,18.89,18.89,0.0,0.0,1.9992812474663249,58.9,-165.3,1.7096758814704835,0.4642857142857143,47.3,47.3,47.3,47.3,53.4,53.4,42.3,42.3,inf,inf,H,G,454.0
454,-,25,H,H,O,9.806000000000001,-0.22857142857142865,"(False, 0.0)",L,455,12.0,12.62,12.62,1.05,1.05,12.62,12.62,0.01,0.01,11.58,11.58,3.1513495848594992,-63.3,-45.8,2.963053555575091,0.07317073170731707,7.0,7.0,2.6,2.6,8.9,8.9,0.0,0.0,8.3,8.3,H,L,455.0
455,-,25,H,H,O,11.982,0.04285714285714277,"(False, 0.0)",P,456,12.0,12.54,12.54,0.0,0.0,12.54,12.54,0.0,0.0,12.54,12.54,3.0243435824448777,-50.5,-49.7,2.790855835609903,0.08823529411764706,9.1,9.1,0.0,0.0,10.4,10.4,0.0,0.0,11.4,11.4,H,P,456.0
456,-,20,H,H,O,15.581999999999999,0.6428571428571429,"(False, 0.0)",G,457,0.0,0.0,0.0,0.0,0.0,0.0,0.0,0.0,0.0,0.0,0.0,3.1967650193770365,-60.8,-34.1,3.1694044956862366,0.0,0.0,0.0,0.0,0.0,0.0,0.0,0.0,0.0,inf,inf,H,G,457.0
457,e,30,H,H,O,15.581999999999999,0.057142857142857065,"(False, 0.0)",R,458,72.0,68.18,68.18,0.0,0.0,13.02,13.02,55.16,55.16,68.18,68.18,2.6084300177562816,-63.9,-45.4,2.4103608199468427,0.2903225806451613,28.6,28.6,0.0,0.0,17.8,17.8,33.4,33.4,34.8,34.8,H,R,458.0
458,-,10,H,H,O,14.951999999999998,-0.9857142857142857,"(False, 0.0)",L,459,2.0,2.44,2.44,0.0,0.0,2.44,2.44,0.0,0.0,2.44,2.44,6.189870751755096,-67.5,-42.1,5.535988987290556,0.012195121951219513,1.4,1.4,0.0,0.0,1.7,1.7,0.0,0.0,1.7,1.7,H,L,459.0
459,-,10,H,H,O,16.986,-0.35714285714285715,"(False, 0.0)",L,460,4.0,2.52,2.52,0.0,0.0,2.52,2.52,0.0,0.0,2.52,2.52,7.005420984916174,-59.7,-41.9,5.799606462795004,0.024390243902439025,1.4,1.4,0.0,0.0,1.8,1.8,0.0,0.0,1.8,1.8,H,L,460.0
460,e,30,H,H,O,18.09,-0.04285714285714296,"(False, 0.0)",R,461,71.0,67.67,67.67,0.0,0.0,26.89,26.89,40.78,40.78,67.67,67.67,3.942316632208728,-60.8,-47.4,2.8616214066824663,0.2862903225806452,28.4,28.4,0.0,0.0,36.7,36.7,24.7,24.7,34.5,34.5,H,R,461.0
461,e,40,H,H,O,16.109999999999996,1.1999999999999997,"(False, 0.0)",E,462,0.0,0.23,0.23,0.23,0.23,0.0,0.0,0.23,0.23,0.0,0.0,5.249534108688084,-58.1,-44.4,4.721726012874661,0.0,0.1,0.1,0.6,0.6,0.0,0.0,0.2,0.2,0.0,0.0,H,E,462.0
462,-,5,H,H,O,16.144,0.557142857142857,"(False, 0.0)",F,463,0.0,0.25,0.25,0.0,0.0,0.25,0.25,0.0,0.0,0.25,0.25,7.630292463364578,-68.1,-54.4,9.013730710537768,0.0,0.1,0.1,0.0,0.0,0.2,0.2,0.0,0.0,0.2,0.2,H,F,463.0
463,-,0,H,H,O,16.442,0.557142857142857,"(False, 0.0)",A,464,0.0,0.0,0.0,0.0,0.0,0.0,0.0,0.0,0.0,0.0,0.0,5.699028630340266,-65.9,-40.1,5.245906572778312,0.0,0.0,0.0,0.0,0.0,0.0,0.0,0.0,0.0,0.0,0.0,H,A,464.0
464,-,5,H,H,O,18.008,1.0857142857142856,"(False, 0.0)",V,465,21.0,20.01,20.01,0.0,0.0,20.01,20.01,0.0,0.0,20.01,20.01,3.0137990422986367,-62.8,-39.2,2.959206517097108,0.14788732394366194,13.2,13.2,0.0,0.0,17.4,17.4,0.0,0.0,18.1,18.1,H,V,465.0
465,-,0,H,H,O,15.941999999999998,2.185714285714286,"(False, 0.0)",T,466,1.0,0.95,0.95,0.87,0.87,0.88,0.88,0.07,0.07,0.08,0.08,5.749308235137531,-60.4,-41.8,5.984184513859459,0.007042253521126761,0.7,0.7,2.1,2.1,1.2,1.2,0.1,0.1,0.1,0.1,H,T,466.0
466,-,5,H,H,O,17.956,2.042857142857143,"(False, 0.0)",L,467,1.0,0.2,0.2,0.0,0.0,0.2,0.2,0.0,0.0,0.2,0.2,5.926718471824871,-70.2,-45.7,6.755025487124707,0.006097560975609756,0.1,0.1,0.0,0.0,0.1,0.1,0.0,0.0,0.1,0.1,H,L,467.0
467,-,0,H,H,T,15.941999999999998,2.428571428571428,"(False, 0.0)",S,468,19.0,17.42,17.42,6.27,6.27,5.66,5.66,11.76,11.76,11.15,11.15,2.5786115470048845,-63.8,-39.2,2.1756614673536343,0.14615384615384616,14.7,14.7,14.4,14.4,12.0,12.0,16.5,16.5,14.9,14.9,H,S,468.0
468,-,5,H,H,T,17.068,1.7714285714285718,"(False, 0.0)",V,469,34.0,33.56,33.56,5.8,5.8,33.31,33.31,0.25,0.25,27.76,27.76,1.9995643146285589,-62.0,-47.1,2.0341327558069073,0.23943661971830985,22.1,22.1,14.0,14.0,28.9,28.9,0.7,0.7,25.1,25.1,H,V,469.0
469,-,5,H,H,T,13.468,2.5142857142857147,"(False, 0.0)",A,470,0.0,0.0,0.0,0.0,0.0,0.0,0.0,0.0,0.0,0.0,0.0,4.391402179353595,-60.7,-41.1,4.633161419952758,0.0,0.0,0.0,0.0,0.0,0.0,0.0,0.0,0.0,0.0,0.0,H,A,470.0
470,-,10,H,H,T,15.854,1.8571428571428572,"(False, 0.0)",I,471,8.0,9.02,9.02,0.1,0.1,8.92,8.92,0.1,0.1,8.92,8.92,3.7391422609552203,-67.0,-43.2,3.702131146453655,0.04733727810650888,5.1,5.1,0.2,0.2,6.4,6.4,0.3,0.3,6.6,6.6,H,I,471.0
471,-,10,H,H,T,13.434000000000001,2.5142857142857147,"(False, 0.0)",G,472,29.0,26.64,26.64,26.64,26.64,24.68,24.68,1.96,1.96,0.0,0.0,1.999393100782887,-66.6,-35.7,1.86633030731818,0.34523809523809523,32.8,32.8,32.8,32.8,67.7,67.7,4.4,4.4,inf,inf,H,G,472.0
472,-,10,H,H,T,15.413999999999998,2.457142857142857,"(False, 0.0)",I,473,29.0,27.98,27.98,0.39,0.39,27.73,27.73,0.25,0.25,27.59,27.59,2.1820839219503334,-70.1,-40.9,2.2299762785051533,0.17159763313609466,15.9,15.9,0.9,0.9,20.0,20.0,0.7,0.7,20.6,20.6,H,I,473.0
473,-,10,H,H,T,15.413999999999998,2.8,"(False, 0.0)",S,474,3.0,4.11,4.11,0.54,0.54,2.23,2.23,1.88,1.88,3.58,3.58,5.282655840744803,-56.8,-42.8,5.631680072634543,0.02307692307692308,3.5,3.5,1.2,1.2,4.8,4.8,2.6,2.6,4.8,4.8,H,S,474.0
474,-,10,H,H,T,19.048000000000002,2.042857142857143,"(False, 0.0)",L,475,22.0,20.91,20.91,0.5,0.5,20.56,20.56,0.35,0.35,20.41,20.41,3.7970324823712764,-59.2,-47.4,3.2708643171054126,0.13414634146341464,11.6,11.6,1.3,1.3,14.4,14.4,0.9,0.9,14.6,14.6,H,L,475.0
475,-,10,H,H,T,16.662,2.642857142857143,"(False, 0.0)",L,476,109.0,109.28,109.28,0.76,0.76,109.05,109.05,0.23,0.23,108.52,108.52,2.7996409033677536,-68.4,-36.4,2.3792400262226265,0.6646341463414634,60.9,60.9,1.9,1.9,76.6,76.6,0.6,0.6,77.6,77.6,H,L,476.0
476,-,10,H,H,T,19.047999999999995,1.9000000000000001,"(False, 0.0)",V,477,5.0,5.81,5.81,1.41,1.41,5.68,5.68,0.14,0.14,4.4,4.4,4.263167768441407,-62.7,-42.8,4.671583649365156,0.035211267605633804,3.8,3.8,3.4,3.4,4.9,4.9,0.4,0.4,4.0,4.0,H,V,477.0
477,-,0,H,H,T,17.922,2.557142857142857,"(False, 0.0)",S,478,1.0,0.58,0.58,0.09,0.09,0.51,0.51,0.07,0.07,0.49,0.49,6.25070299738256,-65.6,-38.1,6.111213099603451,0.007692307692307694,0.5,0.5,0.2,0.2,1.1,1.1,0.1,0.1,0.6,0.6,H,S,478.0
478,-,10,H,H,T,17.922000000000004,1.9142857142857141,"(False, 0.0)",L,479,21.0,19.77,19.77,0.11,0.11,19.7,19.7,0.07,0.07,19.66,19.66,3.1495365502930768,-71.1,-39.8,2.7206782921525736,0.12804878048780488,11.0,11.0,0.3,0.3,13.8,13.8,0.2,0.2,14.1,14.1,H,L,479.0
479,-,10,H,H,T,16.761999999999997,1.1428571428571428,"(False, 0.0)",T,480,9.0,9.95,9.95,0.24,0.24,3.18,3.18,6.77,6.77,9.71,9.71,3.3318730203589513,-97.0,-59.6,3.418425227430637,0.06338028169014084,7.1,7.1,0.6,0.6,4.3,4.3,10.2,10.2,9.8,9.8,H,T,480.0
480,-,5,H,H,T,18.354000000000003,0.8142857142857142,"(False, 0.0)",L,481,9.0,7.99,7.99,0.0,0.0,7.99,7.99,0.0,0.0,7.99,7.99,4.7678603971069276,-80.1,-51.9,3.720201542085978,0.054878048780487805,4.4,4.4,0.0,0.0,5.6,5.6,0.0,0.0,5.7,5.7,H,L,481.0
481,-,10,H,H,T,17.323999999999998,1.2,"(False, 0.0)",T,482,0.0,0.07,0.07,0.07,0.07,0.04,0.04,0.03,0.03,0.01,0.01,5.9005069348489485,-53.6,-45.1,6.4691375245847675,0.0,0.1,0.1,0.2,0.2,0.0,0.0,0.1,0.1,0.0,0.0,H,T,482.0
482,-,5,H,H,T,17.419999999999998,1.0142857142857142,"(False, 0.0)",P,483,0.0,0.48,0.48,0.0,0.0,0.48,0.48,0.0,0.0,0.48,0.48,6.9803177014823286,-72.9,-32.4,6.515187738709741,0.0,0.4,0.4,0.0,0.0,0.4,0.4,0.0,0.0,0.4,0.4,H,P,483.0
483,-,5,H,H,T,15.831999999999999,1.0571428571428572,"(False, 0.0)",M,484,11.0,8.97,8.97,0.07,0.07,3.32,3.32,5.65,5.65,8.9,8.9,4.091603050101295,-63.7,-43.5,3.25075241280715,0.058510638297872335,4.6,4.6,0.2,0.2,2.8,2.8,7.5,7.5,5.9,5.9,H,M,484.0
484,-,0,H,H,T,13.357999999999999,0.38571428571428573,"(False, 0.0)",M,485,5.999999999999999,6.26,6.26,0.36,0.36,5.27,5.27,0.99,0.99,5.9,5.9,2.000378268489876,-61.2,-42.1,2.4432007198578574,0.031914893617021274,3.2,3.2,0.9,0.9,4.5,4.5,1.3,1.3,3.9,3.9,H,M,485.0
485,-,0,H,H,T,14.206,0.7571428571428571,"(False, 0.0)",C,486,0.0,0.0,0.0,0.0,0.0,0.0,0.0,0.0,0.0,0.0,0.0,5.338263902043089,-59.1,-43.5,4.782479354711072,0.0,0.0,0.0,0.0,0.0,0.0,0.0,0.0,0.0,0.0,0.0,H,C,486.0
486,-,5,H,H,T,14.206,1.5285714285714285,"(False, 0.0)",G,487,9.0,7.47,7.47,7.47,7.47,0.0,0.0,7.47,7.47,0.0,0.0,3.4103314387284023,-62.0,-32.6,2.931394668707359,0.10714285714285714,9.2,9.2,9.2,9.2,0.0,0.0,16.7,16.7,inf,inf,H,G,487.0
487,-,20,H,H,T,15.236,0.7,"(False, 0.0)",W,488,155.0,149.63,149.63,12.64,12.64,137.54,137.54,12.09,12.09,137.0,137.0,1.9994480329956237,-103.2,-32.6,1.8692942154464445,0.6828193832599119,60.0,60.0,29.7,29.7,73.3,73.3,19.6,19.6,66.3,66.3,H,W,488.0
488,-,0,H,H,T,15.686000000000002,0.6857142857142857,"(False, 0.0)",M,489,61.0,61.62,61.62,0.87,0.87,57.35,57.35,4.28,4.28,60.76,60.76,1.999407450429956,-85.6,-44.2,2.145416758805151,0.32446808510638303,31.9,31.9,2.1,2.1,48.8,48.8,5.7,5.7,40.2,40.2,H,M,489.0
489,-,5,H,H,T,17.306,0.21428571428571422,"(False, 0.0)",L,490,12.0,14.37,14.37,4.25,4.25,11.9,11.9,2.47,2.47,10.12,10.12,1.9997255686355533,-62.3,150.5,2.0438014056113114,0.07317073170731707,8.0,8.0,10.7,10.7,8.4,8.4,6.6,6.6,7.2,7.2,-,L,490.0
490,e,45,C,C,I,14.866,-0.28571428571428575,"(False, 0.0)",K,491,167.0,162.72,162.72,34.57,34.57,78.37,78.37,84.36,84.36,128.15,128.15,1.9996180530243517,-142.3,-6.0,1.8706841155248568,0.8146341463414634,79.4,79.4,82.3,82.3,70.5,70.5,89.9,89.9,78.6,78.6,-,K,491.0
491,e,55,C,T,I,14.758,-0.38571428571428573,"(False, 0.0)",A,492,64.0,65.48,65.48,16.21,16.21,59.43,59.43,6.04,6.04,49.26,49.26,1.9997338907134896,-163.5,169.9,1.8163944648689727,0.6037735849056604,60.2,60.2,36.9,36.9,83.7,83.7,16.0,16.0,76.0,76.0,-,A,492.0
492,e,55,C,T,I,13.964000000000002,-1.3000000000000003,"(False, 0.0)",S,493,47.0,40.72,40.72,13.08,13.08,0.65,0.65,40.07,40.07,27.63,27.63,2.4151530429796217,-79.4,-129.7,1.8645758985803325,0.3615384615384615,34.4,34.4,30.1,30.1,1.4,1.4,56.1,56.1,36.9,36.9,S,S,493.0
493,e,55,C,C,I,13.678,-2.342857142857143,"(False, 0.0)",K,494,135.0,138.74,138.74,22.4,22.4,66.23,66.23,72.51,72.51,116.34,116.34,1.999803667366001,-64.5,126.6,1.9423245916693888,0.6585365853658537,67.7,67.7,53.3,53.3,59.6,59.6,77.2,77.2,71.4,71.4,S,K,494.0
494,e,60,C,C,I,14.092000000000002,-2.2857142857142856,"(True, 0.7024)",P,495,41.0,40.86,40.86,8.26,8.26,37.73,37.73,3.13,3.13,32.6,32.6,1.999619938627763,-82.9,154.5,1.9866631433553368,0.3014705882352941,29.8,29.8,30.0,30.0,31.1,31.1,19.5,19.5,29.7,29.7,-,P,495.0
495,e,60,C,C,I,15.088,-3.1000000000000005,"(True, 0.6899)",R,496,237.0,228.49,228.49,19.46,19.46,92.02,92.02,136.47,136.47,209.03,209.03,1.9995430987580212,-62.6,143.5,1.8253514339213708,0.9556451612903226,95.9,95.9,46.3,46.3,125.8,125.8,82.7,82.7,106.6,106.6,-,R,496.0
496,e,60,C,C,I,15.088,-3.6285714285714286,"(False, 0.0)",E,497,46.0,47.55,47.55,10.54,10.54,20.75,20.75,26.8,26.8,37.01,37.01,2.282392278971714,-91.4,126.0,1.7399902633867528,0.2371134020618557,27.3,27.3,25.1,25.1,40.1,40.1,21.9,21.9,28.0,28.0,-,E,497.0
497,e,55,C,C,I,14.458000000000002,-2.528571428571429,"(False, 0.0)",Q,498,129.0,121.4,121.4,1.31,1.31,39.0,39.0,82.4,82.4,120.08,120.08,1.9998742229901718,-74.6,164.2,2.0671383540260475,0.6515151515151515,67.9,67.9,3.1,3.1,83.0,83.0,62.5,62.5,87.8,87.8,-,Q,498.0
498,e,50,C,H,I,15.882,-2.9428571428571426,"(False, 0.0)",K,499,185.0,179.89,179.89,13.12,13.12,109.36,109.36,70.53,70.53,166.77,166.77,2.3105165021259326,-57.2,-45.8,1.9340990729144147,0.902439024390244,87.8,87.8,31.2,31.2,98.4,98.4,75.1,75.1,102.3,102.3,H,K,499.0
499,-,25,H,H,I,16.024,-2.357142857142857,"(False, 0.0)",R,500,232.0,215.35,215.35,14.43,14.43,81.41,81.41,133.95,133.95,200.92,200.92,1.9998616180007915,-65.4,-40.4,1.8069085251897208,0.935483870967742,90.4,90.4,34.4,34.4,111.3,111.3,81.2,81.2,102.4,102.4,H,R,500.0
500,-,20,H,H,I,13.813999999999998,-1.457142857142857,"(False, 0.0)",L,501,22.0,21.58,21.58,0.0,0.0,21.58,21.58,0.0,0.0,21.58,21.58,2.484557596375723,-65.4,-36.6,2.5910864259804933,0.13414634146341464,12.0,12.0,0.0,0.0,15.2,15.2,0.0,0.0,15.4,15.4,H,L,501.0
501,e,45,H,H,I,14.632,-1.0142857142857142,"(False, 0.0)",R,502,132.0,125.49,125.49,0.0,0.0,21.2,21.2,104.29,104.29,125.49,125.49,2.890889868215168,-59.3,-45.1,2.1759900607464813,0.532258064516129,52.7,52.7,0.0,0.0,29.0,29.0,63.2,63.2,64.0,64.0,H,R,502.0
502,-,30,H,H,I,12.456,-1.1,"(False, 0.0)",G,503,39.0,37.76,37.76,37.76,37.76,34.99,34.99,2.77,2.77,0.0,0.0,1.999779753263872,-58.3,-54.6,1.7096384436503942,0.4642857142857143,46.6,46.6,46.6,46.6,96.0,96.0,6.2,6.2,inf,inf,H,G,503.0
503,-,5,H,H,I,11.032,-0.1857142857142858,"(False, 0.0)",F,504,31.0,28.21,28.21,3.76,3.76,25.76,25.76,2.46,2.46,24.45,24.45,1.9995796428068853,-59.9,-42.0,2.4321966641908204,0.15736040609137056,14.1,14.1,9.8,9.8,15.6,15.6,7.0,7.0,15.1,15.1,H,F,504.0
504,e,35,H,H,I,11.425999999999998,-0.18571428571428575,"(False, 0.0)",G,505,9.0,10.13,10.13,10.13,10.13,9.14,9.14,0.99,0.99,0.0,0.0,1.9994174141340793,-51.8,-57.4,2.102888393686869,0.10714285714285714,12.5,12.5,12.5,12.5,25.1,25.1,2.2,2.2,inf,inf,H,G,505.0
505,e,40,H,H,I,15.026,1.0571428571428572,"(False, 0.0)",R,506,157.0,155.58,155.58,7.12,7.12,76.42,76.42,79.16,79.16,148.46,148.46,1.9995235747719744,-67.6,-41.2,1.8069520804950243,0.6330645161290323,65.3,65.3,17.0,17.0,104.4,104.4,48.0,48.0,75.7,75.7,H,R,506.0
506,-,5,H,H,I,15.38,1.3714285714285714,"(False, 0.0)",M,507,94.0,95.97,95.97,7.07,7.07,86.31,86.31,9.65,9.65,88.9,88.9,2.000007342676717,-61.6,-44.8,1.8974182820141168,0.5,49.7,49.7,16.8,16.8,73.4,73.4,12.8,12.8,58.8,58.8,H,M,507.0
507,-,5,H,H,I,17.0,1.514285714285714,"(False, 0.0)",L,508,1.0,1.34,1.34,0.0,0.0,1.34,1.34,0.0,0.0,1.34,1.34,3.252008802470701,-64.8,-39.9,2.8393614973334365,0.006097560975609756,0.7,0.7,0.0,0.0,0.9,0.9,0.0,0.0,1.0,1.0,H,L,508.0
508,e,45,H,H,I,18.424,1.0714285714285714,"(False, 0.0)",V,509,70.0,78.26,78.26,0.0,0.0,78.26,78.26,0.0,0.0,78.26,78.26,2.6340880378722358,-60.8,-41.9,2.180413012303433,0.4929577464788733,51.5,51.5,0.0,0.0,68.0,68.0,0.0,0.0,70.9,70.9,H,V,509.0
509,-,30,H,H,I,18.064,1.2142857142857142,"(False, 0.0)",A,510,58.0,61.96,61.96,11.15,11.15,53.63,53.63,8.33,8.33,50.81,50.81,1.9998123457664176,-61.9,-42.5,1.7676917565728014,0.5471698113207547,57.0,57.0,25.4,25.4,75.5,75.5,22.1,22.1,78.4,78.4,H,A,510.0
510,-,0,H,H,I,16.674,0.8857142857142856,"(False, 0.0)",L,511,84.0,85.64,85.64,3.76,3.76,83.16,83.16,2.48,2.48,81.87,81.87,1.999519201760929,-61.3,-40.2,1.9576143044722272,0.5121951219512195,47.7,47.7,9.5,9.5,58.4,58.4,6.7,6.7,58.6,58.6,H,L,511.0
511,e,30,H,H,I,13.039999999999997,0.15714285714285722,"(False, 0.0)",Q,512,28.0,24.14,24.14,0.14,0.14,0.45,0.45,23.69,23.69,24.0,24.0,3.1396937697253184,-60.0,-44.3,2.2992801451385603,0.1414141414141414,13.5,13.5,0.3,0.3,1.0,1.0,18.0,18.0,17.5,17.5,H,Q,512.0
512,e,50,H,H,I,14.346,-0.5,"(False, 0.0)",Q,513,140.0,125.17,125.17,10.62,10.62,40.2,40.2,84.97,84.97,114.54,114.54,1.9998268862773072,-64.0,-45.0,1.83870363441466,0.7070707070707071,70.0,70.0,25.3,25.3,85.6,85.6,64.4,64.4,83.7,83.7,H,Q,513.0
513,-,20,H,H,I,10.745999999999999,-1.3142857142857145,"(False, 0.0)",G,514,34.0,36.92,36.92,36.92,36.92,34.12,34.12,2.79,2.79,0.0,0.0,1.99956485430435,-53.1,-51.2,1.7096117715949777,0.4047619047619048,45.5,45.5,45.5,45.5,93.6,93.6,6.3,6.3,inf,inf,H,G,514.0
514,-,0,H,H,I,10.998000000000001,-1.9714285714285715,"(False, 0.0)",Y,515,4.0,5.71,5.71,2.99,2.99,3.34,3.34,2.37,2.37,2.72,2.72,1.9997216699950973,-58.0,-50.4,2.8848319847367,0.018018018018018014,2.7,2.7,7.8,7.8,2.5,2.5,2.9,2.9,1.5,1.5,H,Y,515.0
515,e,25,H,H,I,10.001999999999999,-0.9285714285714287,"(False, 0.0)",G,516,1.0,1.58,1.58,1.58,1.58,1.58,1.58,0.0,0.0,0.0,0.0,1.9995270577140056,-67.3,-36.7,2.2509006526490154,0.011904761904761904,1.9,1.9,1.9,1.9,4.3,4.3,0.0,0.0,inf,inf,H,G,516.0
516,e,45,H,H,I,13.601999999999999,-0.9857142857142858,"(False, 0.0)",K,517,138.0,134.01,134.01,4.51,4.51,75.34,75.34,58.67,58.67,129.5,129.5,1.9995402931912931,-64.2,-47.0,2.04021527822392,0.6731707317073171,65.4,65.4,10.7,10.7,67.8,67.8,62.5,62.5,79.5,79.5,H,K,517.0
517,-,0,H,H,I,13.138,-1.0571428571428572,"(False, 0.0)",S,518,57.0,51.34,51.34,3.61,3.61,15.24,15.24,36.09,36.09,47.72,47.72,1.9996901675093297,-62.0,-41.5,1.89579237589364,0.4384615384615385,43.4,43.4,8.3,8.3,32.5,32.5,50.6,50.6,63.7,63.7,H,S,518.0
518,-,0,H,H,I,16.792,-0.27142857142857135,"(False, 0.0)",L,519,1.0,0.42,0.42,0.0,0.0,0.42,0.42,0.0,0.0,0.42,0.42,3.55442431771316,-58.3,-45.3,4.316052087152453,0.006097560975609756,0.2,0.2,0.0,0.0,0.3,0.3,0.0,0.0,0.3,0.3,H,L,519.0
519,e,30,H,H,I,17.964,0.3285714285714286,"(True, 0.5754)",K,520,116.0,115.43,115.43,0.0,0.0,58.85,58.85,56.58,56.58,115.43,115.43,2.8997112982546174,-60.5,-39.1,2.4870464891063313,0.5658536585365853,56.3,56.3,0.0,0.0,53.0,53.0,60.3,60.3,70.8,70.8,H,K,520.0
520,-,20,H,H,I,20.35,0.38571428571428573,"(False, 0.0)",W,521,126.0,125.82,125.82,0.08,0.08,118.41,118.41,7.41,7.41,125.74,125.74,2.674216483850727,-60.8,-39.3,1.9645523875505349,0.5550660792951542,50.5,50.5,0.2,0.2,63.1,63.1,12.0,12.0,60.9,60.9,H,W,521.0
521,-,0,H,H,I,18.633999999999997,0.04285714285714277,"(False, 0.0)",V,522,23.0,22.65,22.65,1.91,1.91,22.39,22.39,0.25,0.25,20.74,20.74,1.99972644371012,-60.4,-43.8,2.424571331414915,0.1619718309859155,14.9,14.9,4.6,4.6,19.5,19.5,0.7,0.7,18.8,18.8,H,V,522.0
522,-,5,H,H,I,18.23,-0.5999999999999999,"(False, 0.0)",L,523,13.0,12.99,12.99,8.63,8.63,4.62,4.62,8.37,8.37,4.36,4.36,2.6140395982779268,-63.2,-43.5,2.5500330832247617,0.07926829268292683,7.2,7.2,21.7,21.7,3.2,3.2,22.5,22.5,3.1,3.1,H,L,523.0
523,e,45,H,H,I,17.05,-0.6857142857142858,"(False, 0.0)",N,524,86.0,84.32,84.32,38.33,38.33,23.23,23.23,61.09,61.09,46.0,46.0,1.9995776665983032,-60.4,-45.6,1.7462017661340128,0.5477707006369427,58.1,58.1,92.3,92.3,55.9,55.9,59.0,59.0,44.4,44.4,H,N,524.0
524,-,25,H,H,I,15.591999999999999,-0.014285714285714362,"(False, 0.0)",H,525,105.0,102.89,102.89,17.9,17.9,56.28,56.28,46.6,46.6,84.98,84.98,1.9998222313580736,-81.6,-38.3,1.841802009916536,0.5706521739130435,56.2,56.2,45.8,45.8,58.0,58.0,54.2,54.2,59.1,59.1,H,H,525.0
525,e,35,H,H,I,15.591999999999999,-0.014285714285714204,"(False, 0.0)",T,526,33.0,31.05,31.05,0.05,0.05,28.38,28.38,2.67,2.67,31.0,31.0,2.721675328946478,45.6,-65.7,2.191057790556532,0.2323943661971831,22.1,22.1,0.1,0.1,38.1,38.1,4.0,4.0,31.4,31.4,-,T,526.0
526,-,15,H,H,I,17.342000000000002,-0.6142857142857144,"(False, 0.0)",R,527,206.0,194.01,194.01,9.3,9.3,81.04,81.04,112.97,112.97,184.7,184.7,2.0000030510543274,-56.2,-41.3,1.8494668444029487,0.8306451612903226,81.5,81.5,22.2,22.2,110.8,110.8,68.5,68.5,94.2,94.2,H,R,527.0
527,-,5,H,H,I,15.283999999999997,0.4857142857142857,"(False, 0.0)",L,528,112.0,117.02,117.02,5.43,5.43,115.63,115.63,1.39,1.39,111.58,111.58,1.9997267664924443,-61.7,-46.5,1.9293850028113448,0.6829268292682927,65.2,65.2,13.7,13.7,81.2,81.2,3.7,3.7,79.8,79.8,H,L,528.0
528,-,0,H,H,I,16.444,1.542857142857143,"(False, 0.0)",V,529,41.0,38.62,38.62,0.05,0.05,38.57,38.57,0.05,0.05,38.57,38.57,2.578598469930125,-69.0,-34.0,2.1732857743693748,0.2887323943661972,25.4,25.4,0.1,0.1,33.5,33.5,0.1,0.1,34.9,34.9,H,V,529.0
529,-,0,H,H,I,17.902,2.1857142857142855,"(False, 0.0)",G,530,35.0,33.0,33.0,33.0,33.0,28.73,28.73,4.27,4.27,0.0,0.0,1.9994465862908364,-61.3,-34.9,1.833834345121789,0.4166666666666667,40.7,40.7,40.7,40.7,78.8,78.8,9.6,9.6,inf,inf,H,G,530.0
530,-,0,H,H,I,17.901999999999997,3.371428571428571,"(False, 0.0)",V,531,94.0,94.72,94.72,2.23,2.23,92.49,92.49,2.23,2.23,92.49,92.49,2.7556342778159326,-77.2,-32.9,1.987049417820728,0.6619718309859155,62.3,62.3,5.4,5.4,80.4,80.4,6.0,6.0,83.7,83.7,H,V,531.0
531,-,0,H,H,I,17.868000000000002,2.7714285714285714,"(False, 0.0)",V,532,98.0,100.39,100.39,7.13,7.13,98.8,98.8,1.59,1.59,93.27,93.27,1.9999045559203728,-60.4,-40.4,1.9728152629203088,0.6901408450704225,66.1,66.1,17.2,17.2,85.8,85.8,4.3,4.3,84.4,84.4,H,V,532.0
532,-,0,H,H,I,17.868000000000002,2.0714285714285716,"(False, 0.0)",L,533,30.0,30.07,30.07,2.23,2.23,29.8,29.8,0.27,0.27,27.84,27.84,1.9994880352040303,-61.2,-40.3,2.251490540150102,0.18292682926829268,16.7,16.7,5.6,5.6,20.9,20.9,0.7,0.7,19.9,19.9,H,L,533.0
533,-,0,H,H,I,16.708,2.7714285714285714,"(False, 0.0)",L,534,105.0,109.04,109.04,4.69,4.69,104.38,104.38,4.66,4.66,104.35,104.35,1.999441120804411,-60.6,-40.7,1.9234855034540168,0.6402439024390244,60.7,60.7,11.8,11.8,73.3,73.3,12.6,12.6,74.7,74.7,H,L,534.0
534,-,0,H,H,I,16.674,2.4285714285714284,"(False, 0.0)",G,535,32.0,30.8,30.8,30.8,30.8,28.78,28.78,2.02,2.02,0.0,0.0,1.9995466057514508,-50.0,-49.2,1.7097600622956262,0.3809523809523809,38.0,38.0,38.0,38.0,79.0,79.0,4.5,4.5,inf,inf,H,G,535.0
535,-,5,H,H,I,14.693999999999999,2.371428571428571,"(False, 0.0)",T,536,20.0,16.59,16.59,1.07,1.07,2.12,2.12,14.47,14.47,15.52,15.52,2.3137216807417493,-59.2,-41.6,2.3827550392445267,0.14084507042253522,11.8,11.8,2.5,2.5,2.9,2.9,21.9,21.9,15.7,15.7,H,T,536.0
536,-,5,H,H,I,14.693999999999999,1.3285714285714287,"(False, 0.0)",I,537,68.0,66.79,66.79,0.0,0.0,66.79,66.79,0.0,0.0,66.79,66.79,2.871018997379548,-61.3,-45.4,2.399144377597676,0.40236686390532544,38.0,38.0,0.0,0.0,48.1,48.1,0.0,0.0,49.8,49.8,H,I,537.0
537,-,5,H,H,I,16.578,1.4285714285714286,"(False, 0.0)",A,538,62.0,61.94,61.94,12.46,12.46,57.23,57.23,4.71,4.71,49.48,49.48,1.9993259621902424,-61.7,-43.0,1.7675834743499308,0.5849056603773585,57.0,57.0,28.3,28.3,80.6,80.6,12.5,12.5,76.4,76.4,H,A,538.0
538,-,5,H,H,I,17.704,1.3571428571428572,"(False, 0.0)",L,539,95.0,100.75,100.75,0.71,0.71,100.38,100.38,0.37,0.37,100.04,100.04,1.999800907556189,-61.1,-43.7,2.2379286101908877,0.5792682926829268,56.1,56.1,1.8,1.8,70.5,70.5,1.0,1.0,71.6,71.6,H,L,539.0
539,-,5,H,H,I,17.758,2.0,"(False, 0.0)",N,540,9.0,7.54,7.54,0.0,0.0,0.0,0.0,7.54,7.54,7.54,7.54,3.9844776287412818,-59.2,-45.7,3.3223750473416223,0.05732484076433121,5.2,5.2,0.0,0.0,0.0,0.0,7.3,7.3,7.3,7.3,H,N,540.0
540,-,5,H,H,I,19.738,1.1714285714285713,"(False, 0.0)",I,541,105.0,107.97,107.97,1.78,1.78,106.19,106.19,1.78,1.78,106.19,106.19,2.2899269178336468,-62.1,-43.1,2.1333466466615385,0.621301775147929,61.4,61.4,4.3,4.3,76.5,76.5,4.8,4.8,79.1,79.1,H,I,541.0
541,-,10,H,E,I,19.064,1.5571428571428572,"(False, 0.0)",W,542,153.0,150.57,150.57,1.3,1.3,123.84,123.84,26.73,26.73,149.27,149.27,1.9995474871077257,-63.6,-42.1,1.987052836903733,0.6740088105726872,60.4,60.4,3.1,3.1,66.0,66.0,43.4,43.4,72.2,72.2,H,W,542.0
542,-,5,H,E,I,20.78,0.9,"(False, 0.0)",L,543,11.0,12.13,12.13,0.13,0.13,12.0,12.0,0.13,0.13,12.0,12.0,4.305328039280912,-67.3,-18.7,3.358215748710732,0.06707317073170732,6.8,6.8,0.3,0.3,8.4,8.4,0.3,0.3,8.6,8.6,H,L,543.0
543,-,5,H,E,I,18.394,2.042857142857143,"(False, 0.0)",Y,544,68.0,63.59,63.59,7.74,7.74,48.25,48.25,15.34,15.34,55.85,55.85,2.394429873657148,-73.2,-15.4,1.968046242557126,0.3063063063063063,29.7,29.7,20.1,20.1,36.3,36.3,18.9,18.9,31.8,31.8,T,Y,544.0
544,-,20,H,H,I,18.339999999999996,1.1714285714285715,"(False, 0.0)",I,545,129.0,137.38,137.38,24.71,24.71,117.68,117.68,19.7,19.7,112.67,112.67,1.9995942849368176,-81.1,-35.8,1.9836971466600937,0.7633136094674556,78.2,78.2,59.5,59.5,84.7,84.7,53.5,53.5,83.9,83.9,T,I,545.0
545,-,25,C,T,I,17.546,0.7428571428571429,"(False, 0.0)",S,546,47.0,45.35,45.35,27.78,27.78,20.06,20.06,25.29,25.29,17.57,17.57,1.9998662698671859,-83.6,12.8,1.8557282719456925,0.3615384615384615,38.3,38.3,64.0,64.0,42.7,42.7,35.4,35.4,23.5,23.5,S,S,546.0
546,-,15,C,C,I,17.082,0.09999999999999996,"(False, 0.0)",I,547,15.0,13.41,13.41,10.34,10.34,4.3,4.3,9.11,9.11,3.08,3.08,2.29466433901414,-120.8,125.5,2.1795284890000883,0.08875739644970414,7.6,7.6,24.9,24.9,3.1,3.1,24.7,24.7,2.3,2.3,S,I,547.0
547,e,40,C,C,I,15.956,0.6857142857142858,"(False, 0.0)",P,548,40.0,42.39,42.39,7.06,7.06,41.64,41.64,0.74,0.74,35.33,35.33,1.999465728145724,-74.9,147.9,2.2022642854528915,0.29411764705882354,30.9,30.9,25.7,25.7,34.4,34.4,4.6,4.6,32.2,32.2,-,P,548.0
548,e,40,C,T,I,18.022000000000002,0.4428571428571427,"(False, 0.0)",K,549,77.0,80.01,80.01,6.28,6.28,33.59,33.59,46.42,46.42,73.72,73.72,2.6677315793707645,-107.8,117.0,2.202286992578871,0.37560975609756103,39.0,39.0,15.0,15.0,30.2,30.2,49.4,49.4,45.2,45.2,B,K,549.0
549,e,45,C,T,I,17.702,0.32857142857142857,"(False, 0.0)",T,550,47.0,47.12,47.12,4.82,4.82,27.72,27.72,19.41,19.41,42.3,42.3,3.0313030965470498,-129.2,122.7,2.640167788733796,0.3309859154929577,33.5,33.5,11.5,11.5,37.2,37.2,29.3,29.3,42.9,42.9,-,T,550.0
550,-,5,C,C,I,17.702,-0.8142857142857143,"(False, 0.0)",F,551,63.99999999999999,66.03,66.03,25.39,25.39,43.64,43.64,22.4,22.4,40.65,40.65,2.3023473134598733,-80.4,87.4,2.3609657907039754,0.3248730964467005,33.0,33.0,66.1,66.1,26.5,26.5,64.1,64.1,25.2,25.2,S,F,551.0
551,-,5,C,C,I,17.274,-1.085714285714286,"(False, 0.0)",F,552,19.0,17.15,17.15,9.85,9.85,7.3,7.3,9.85,9.85,7.3,7.3,2.5646544748640765,77.8,126.9,2.8138692321496395,0.0964467005076142,8.6,8.6,25.6,25.6,4.4,4.4,28.2,28.2,4.5,4.5,S,F,552.0
552,-,25,C,C,I,17.01,-1.0285714285714287,"(False, 0.0)",P,553,6.0,5.71,5.71,2.93,2.93,5.71,5.71,0.0,0.0,2.77,2.77,1.9995481924371328,-75.5,163.0,2.527524677543941,0.04411764705882353,4.2,4.2,10.7,10.7,4.7,4.7,0.0,0.0,2.5,2.5,-,P,553.0
553,e,55,C,C,I,15.386000000000001,-1.0285714285714287,"(False, 0.0)",E,554,80.0,82.09,82.09,25.19,25.19,28.69,28.69,53.4,53.4,56.9,56.9,1.9997558941609528,-90.5,96.8,1.754198822843759,0.4123711340206185,47.1,47.1,60.0,60.0,55.5,55.5,43.6,43.6,43.0,43.0,-,E,554.0
554,e,45,C,T,I,14.580000000000002,-1.4857142857142858,"(False, 0.0)",Q,555,4.0,6.94,6.94,0.68,0.68,1.76,1.76,5.19,5.19,6.26,6.26,1.999814767121926,-71.1,147.5,2.2937172706366487,0.020202020202020204,3.9,3.9,1.6,1.6,3.7,3.7,3.9,3.9,4.6,4.6,-,Q,555.0
555,e,40,C,C,I,11.774,-1.2857142857142858,"(False, 0.0)",D,556,14.0,18.06,18.06,8.6,8.6,13.77,13.77,4.28,4.28,9.45,9.45,1.999476858361584,-55.6,-47.9,2.4279458830242016,0.08588957055214724,12.6,12.6,20.3,20.3,32.4,32.4,4.3,4.3,9.4,9.4,-,D,556.0
556,e,45,C,T,I,13.373999999999999,-0.5142857142857142,"(False, 0.0)",T,557,3.0,5.11,5.11,3.22,3.22,1.89,1.89,3.22,3.22,1.89,1.89,2.652809464855479,71.2,-17.1,2.716497470908872,0.02112676056338028,3.6,3.6,7.7,7.7,2.5,2.5,4.9,4.9,1.9,1.9,T,T,557.0
557,e,35,C,T,I,14.764000000000001,0.2571428571428571,"(False, 0.0)",G,558,2.0,2.63,2.63,2.63,2.63,0.96,0.96,1.67,1.67,0.0,0.0,1.9994818758340365,80.6,13.9,2.038312099510139,0.023809523809523808,3.2,3.2,3.2,3.2,2.6,2.6,3.7,3.7,inf,inf,T,G,558.0
558,-,20,E,E,I,15.677999999999997,0.7000000000000001,"(False, 0.0)",V,559,5.0,6.04,6.04,0.0,0.0,6.04,6.04,0.0,0.0,6.04,6.04,3.410872745626836,-141.3,148.5,3.529746632584573,0.035211267605633804,4.0,4.0,0.0,0.0,5.2,5.2,0.0,0.0,5.5,5.5,E,V,559.0
559,-,0,E,E,I,13.203999999999999,1.1428571428571428,"(False, 0.0)",L,560,0.0,0.02,0.02,0.02,0.02,0.0,0.0,0.02,0.02,0.0,0.0,5.956379137386403,-145.0,142.7,5.641934969955522,0.0,0.0,0.0,0.0,0.0,0.0,0.0,0.0,0.0,0.0,0.0,E,L,560.0
560,-,15,E,E,I,13.203999999999999,1.885714285714286,"(False, 0.0)",M,561,25.0,25.23,25.23,0.29,0.29,24.95,24.95,0.29,0.29,24.94,24.94,2.6813617186152365,-114.2,142.6,2.4569521196726853,0.13297872340425532,13.1,13.1,0.7,0.7,21.2,21.2,0.4,0.4,16.5,16.5,E,M,561.0
561,-,0,E,E,I,13.169999999999998,1.4428571428571428,"(False, 0.0)",G,562,2.0,1.05,1.05,1.05,1.05,0.9,0.9,0.14,0.14,0.0,0.0,2.000002555736962,-126.0,132.5,1.903909381602536,0.023809523809523808,1.3,1.3,1.3,1.3,2.5,2.5,0.3,0.3,inf,inf,E,G,562.0
562,-,15,E,E,I,11.78,1.0999999999999999,"(False, 0.0)",G,563,25.0,26.13,26.13,26.13,26.13,22.31,22.31,3.81,3.81,0.0,0.0,1.9994801795398744,-106.8,128.3,2.008563726622273,0.2976190476190476,32.2,32.2,32.2,32.2,61.2,61.2,8.5,8.5,inf,inf,E,G,563.0
563,-,0,E,E,I,10.83,0.0571428571428572,"(False, 0.0)",I,564,1.0,0.17,0.17,0.17,0.17,0.0,0.0,0.17,0.17,0.0,0.0,2.6686146798384254,-112.1,113.9,3.3183458632828606,0.005917159763313609,0.1,0.1,0.4,0.4,0.0,0.0,0.5,0.5,0.0,0.0,E,I,564.0
564,e,35,E,E,I,12.485999999999999,-0.7142857142857143,"(False, 0.0)",Q,565,70.0,77.16,77.16,2.93,2.93,11.53,11.53,65.63,65.63,74.23,74.23,2.6360550540853778,-123.4,111.7,1.9439798222066882,0.35353535353535354,43.1,43.1,7.0,7.0,24.5,24.5,49.8,49.8,54.3,54.3,E,Q,565.0
565,-,5,C,C,I,14.695999999999998,-0.7714285714285715,"(False, 0.0)",A,566,5.0,5.46,5.46,2.41,2.41,3.78,3.78,1.69,1.69,3.06,3.06,2.16436799609614,-95.2,157.0,1.916300367477864,0.04716981132075472,5.0,5.0,5.5,5.5,5.3,5.3,4.5,4.5,4.7,4.7,-,A,566.0
566,e,30,C,C,I,12.31,-0.07142857142857142,"(False, 0.0)",D,567,80.0,71.5,71.5,11.14,11.14,30.19,30.19,41.31,41.31,60.35,60.35,1.9994274440955493,-37.9,161.6,1.8756645927749016,0.4907975460122699,50.1,50.1,26.4,26.4,71.1,71.1,41.2,41.2,60.1,60.1,-,D,567.0
567,e,55,C,T,I,13.7,-0.8285714285714285,"(False, 0.0)",Q,568,114.0,104.17,104.17,17.24,17.24,22.15,22.15,82.02,82.02,86.93,86.93,2.2637712553681144,-59.9,134.2,1.8457769100792447,0.5757575757575758,58.3,58.3,41.0,41.0,47.2,47.2,62.2,62.2,63.5,63.5,T,Q,568.0
568,e,35,C,T,I,13.294,0.0714285714285714,"(False, 0.0)",S,569,73.0,75.62,75.62,38.83,38.83,47.32,47.32,28.3,28.3,36.79,36.79,1.9996629090390396,70.4,-1.0,1.8378821220029309,0.5615384615384615,63.9,63.9,89.4,89.4,100.8,100.8,39.7,39.7,49.1,49.1,T,S,569.0
569,-,10,C,C,I,14.918000000000001,-0.6857142857142858,"(False, 0.0)",I,570,53.0,57.68,57.68,8.19,8.19,54.6,54.6,3.08,3.08,49.49,49.49,1.9996665348738631,-60.7,150.1,2.048548364447408,0.3136094674556213,32.8,32.8,19.7,19.7,39.3,39.3,8.4,8.4,36.9,36.9,-,I,570.0
570,e,25,C,C,I,14.918000000000001,0.0714285714285714,"(False, 0.0)",S,571,46.0,48.05,48.05,12.35,12.35,38.22,38.22,9.83,9.83,35.7,35.7,1.9997213119660948,-65.7,151.2,2.2087801759360626,0.3538461538461539,40.6,40.6,28.4,28.4,81.4,81.4,13.8,13.8,47.6,47.6,-,S,571.0
571,-,5,H,H,I,15.324000000000002,0.8428571428571427,"(False, 0.0)",F,572,111.0,111.95,111.95,0.49,0.49,111.46,111.46,0.49,0.49,111.46,111.46,2.7914687285820894,-62.5,-30.3,2.260005394665041,0.5634517766497462,56.0,56.0,1.3,1.3,67.6,67.6,1.4,1.4,69.0,69.0,H,F,572.0
572,e,45,H,H,I,14.294,0.31428571428571417,"(False, 0.0)",Q,573,133.0,123.53,123.53,11.28,11.28,29.96,29.96,93.57,93.57,112.25,112.25,1.9995189987944084,-68.9,-44.3,1.902661531962948,0.6717171717171717,69.1,69.1,26.9,26.9,63.8,63.8,71.0,71.0,82.0,82.0,H,Q,573.0
573,e,30,H,H,I,15.256,-0.38571428571428573,"(False, 0.0)",A,574,45.0,47.04,47.04,19.92,19.92,40.08,40.08,6.96,6.96,27.12,27.12,1.999445981714748,-64.3,-41.9,1.7676659410857125,0.4245283018867925,43.3,43.3,45.3,45.3,56.4,56.4,18.4,18.4,41.9,41.9,H,A,574.0
574,-,0,H,H,I,11.975999999999999,-0.8285714285714286,"(False, 0.0)",M,575,0.0,0.04,0.04,0.0,0.0,0.04,0.04,0.0,0.0,0.04,0.04,2.445637873239942,-60.8,-38.6,3.2745610645609284,0.0,0.0,0.0,0.0,0.0,0.0,0.0,0.0,0.0,0.0,0.0,H,M,575.0
575,e,30,H,H,I,12.228,-0.6857142857142857,"(False, 0.0)",R,576,59.0,58.86,58.86,0.73,0.73,35.72,35.72,23.13,23.13,58.12,58.12,2.622906281944068,-58.8,-37.6,2.0931276595348938,0.2379032258064516,24.7,24.7,1.7,1.7,48.8,48.8,14.0,14.0,29.6,29.6,H,R,576.0
576,e,50,H,H,I,14.208000000000002,-0.6857142857142859,"(False, 0.0)",G,577,28.0,31.0,31.0,31.0,31.0,29.06,29.06,1.93,1.93,0.0,0.0,1.9995054641579064,-66.2,-39.4,1.7621922732842603,0.3333333333333333,38.2,38.2,38.2,38.2,79.8,79.8,4.3,4.3,inf,inf,H,G,577.0
577,-,10,H,H,I,13.847999999999999,-1.4428571428571428,"(False, 0.0)",K,578,61.0,59.76,59.76,1.75,1.75,29.91,29.91,29.85,29.85,58.01,58.01,1.9996372528550124,-63.7,-43.6,2.032086505938025,0.2975609756097561,29.2,29.2,4.2,4.2,26.9,26.9,31.8,31.8,35.6,35.6,H,K,578.0
578,-,0,H,H,I,13.328,-1.3142857142857143,"(False, 0.0)",L,579,6.0,4.18,4.18,0.0,0.0,4.18,4.18,0.0,0.0,4.18,4.18,4.344149281558967,-62.3,-44.7,4.749665098024832,0.03658536585365853,2.3,2.3,0.0,0.0,2.9,2.9,0.0,0.0,3.0,3.0,H,L,579.0
579,e,45,H,H,I,16.608,-0.4,"(False, 0.0)",Q,580,92.0,83.09,83.09,0.0,0.0,7.77,7.77,75.32,75.32,83.09,83.09,3.0763739201110205,-64.5,-47.2,2.3405302666826486,0.4646464646464646,46.5,46.5,0.0,0.0,16.5,16.5,57.1,57.1,60.7,60.7,H,Q,580.0
580,e,35,H,H,I,16.716,-0.9000000000000001,"(False, 0.0)",D,581,82.0,71.42,71.42,1.05,1.05,23.75,23.75,47.67,47.67,70.37,70.37,1.9997835682075,-69.9,-36.1,1.9055829448000736,0.5030674846625767,50.0,50.0,2.5,2.5,55.9,55.9,47.5,47.5,70.0,70.0,H,D,581.0
581,-,0,H,H,I,15.578,0.3,"(False, 0.0)",F,582,1.0,0.84,0.84,0.0,0.0,0.84,0.84,0.0,0.0,0.84,0.84,2.9911741950742625,-60.7,-44.5,4.5284654629501775,0.005076142131979695,0.4,0.4,0.0,0.0,0.5,0.5,0.0,0.0,0.5,0.5,H,F,582.0
582,-,25,H,H,I,16.968,0.39999999999999997,"(False, 0.0)",M,583,4.0,3.17,3.17,0.0,0.0,3.17,3.17,0.0,0.0,3.17,3.17,2.8888422169604415,-60.0,-39.7,2.564454198582916,0.02127659574468085,1.6,1.6,0.0,0.0,2.7,2.7,0.0,0.0,2.1,2.1,H,M,583.0
583,e,50,H,H,I,18.912,0.2571428571428572,"(False, 0.0)",K,584,82.0,87.81,87.81,2.14,2.14,56.41,56.41,31.4,31.4,85.68,85.68,2.000017296815811,-59.4,-41.3,1.9076720001971263,0.4,42.8,42.8,5.1,5.1,50.8,50.8,33.4,33.4,52.6,52.6,H,K,584.0
584,-,15,H,H,I,17.808,0.2571428571428571,"(False, 0.0)",I,585,51.0,50.17,50.17,16.97,16.97,41.13,41.13,9.04,9.04,33.2,33.2,1.9996816115057936,-60.6,-45.4,1.9843684909244508,0.3017751479289941,28.5,28.5,40.9,40.9,29.6,29.6,24.5,24.5,24.7,24.7,H,I,585.0
585,-,0,H,H,I,16.894,-0.6428571428571429,"(False, 0.0)",I,586,0.0,0.0,0.0,0.0,0.0,0.0,0.0,0.0,0.0,0.0,0.0,2.927141660634601,-85.7,-17.0,3.6597569000944192,0.0,0.0,0.0,0.0,0.0,0.0,0.0,0.0,0.0,0.0,0.0,H,I,586.0
586,e,40,H,H,I,16.088,-1.1428571428571428,"(False, 0.0)",R,587,121.0,119.66,119.66,20.84,20.84,41.81,41.81,77.85,77.85,98.82,98.82,1.9997961228180916,-61.7,-33.8,1.991345155633172,0.4879032258064516,50.2,50.2,49.6,49.6,57.1,57.1,47.2,47.2,50.4,50.4,H,R,587.0
587,e,55,H,H,I,15.294,-0.3285714285714287,"(False, 0.0)",D,588,114.0,106.61,106.61,36.89,36.89,41.69,41.69,64.92,64.92,69.73,69.73,1.9994384096185265,-98.4,8.6,1.7512867817873332,0.6993865030674846,74.7,74.7,87.2,87.2,98.1,98.1,64.7,64.7,69.4,69.4,T,D,588.0
588,-,20,C,C,I,13.313999999999998,-0.3714285714285715,"(False, 0.0)",D,589,23.0,20.82,20.82,7.84,7.84,8.96,8.96,11.86,11.86,12.99,12.99,1.9995583976885352,-89.8,131.3,1.69854615557224,0.1411042944785276,14.6,14.6,18.5,18.5,21.1,21.1,11.8,11.8,12.9,12.9,S,D,589.0
589,e,50,C,T,I,14.772,-1.5142857142857142,"(False, 0.0)",P,590,105.0,110.3,110.3,13.11,13.11,109.44,109.44,0.86,0.86,97.18,97.18,1.999609743655761,-58.1,-24.6,1.9086522988080723,0.7720588235294118,80.4,80.4,47.7,47.7,90.4,90.4,5.3,5.3,88.6,88.6,T,P,590.0
590,e,45,C,T,I,14.772,-1.3714285714285714,"(False, 0.0)",A,591,6.0,7.81,7.81,0.46,0.46,7.53,7.53,0.28,0.28,7.35,7.35,1.9997275891297253,-84.7,-17.3,2.6356601616076767,0.05660377358490566,7.2,7.2,1.0,1.0,10.6,10.6,0.7,0.7,11.3,11.3,T,A,591.0
591,-,0,C,C,I,15.0,-0.27142857142857135,"(False, 0.0)",V,592,10.0,9.81,9.81,9.01,9.01,0.8,0.8,9.01,9.01,0.8,0.8,3.1701203300118195,-90.1,123.9,2.6222673013389044,0.07042253521126761,6.5,6.5,21.7,21.7,0.7,0.7,24.4,24.4,0.7,0.7,E,V,592.0
592,e,30,E,E,I,15.828000000000003,0.12857142857142861,"(False, 0.0)",D,593,89.0,80.43,80.43,30.36,30.36,7.33,7.33,73.1,73.1,50.08,50.08,1.999656712207428,-91.7,-51.4,1.8177884575529115,0.5460122699386503,56.3,56.3,71.8,71.8,17.2,17.2,72.9,72.9,49.8,49.8,E,D,593.0
593,e,25,E,E,I,16.682,0.3000000000000001,"(False, 0.0)",N,594,22.0,26.51,26.51,0.98,0.98,11.85,11.85,14.65,14.65,25.53,25.53,1.9999484072172933,-150.9,151.5,2.1101552351444797,0.14012738853503184,18.3,18.3,2.4,2.4,28.5,28.5,14.2,14.2,24.7,24.7,E,N,594.0
594,-,0,E,E,I,13.048000000000002,0.4428571428571429,"(False, 0.0)",V,595,1.0,2.21,2.21,0.0,0.0,2.21,2.21,0.0,0.0,2.21,2.21,3.068939416257316,-131.6,123.1,3.101437913286297,0.007042253521126761,1.5,1.5,0.0,0.0,1.9,1.9,0.0,0.0,2.0,2.0,E,V,595.0
595,-,0,E,E,I,14.672,-0.2571428571428572,"(False, 0.0)",T,596,1.0,0.89,0.89,0.0,0.0,0.75,0.75,0.14,0.14,0.89,0.89,4.20651902279535,-124.3,124.9,4.149513287374823,0.007042253521126761,0.6,0.6,0.0,0.0,1.0,1.0,0.2,0.2,0.9,0.9,E,T,596.0
596,-,0,E,E,I,15.262,0.1857142857142857,"(False, 0.0)",G,597,3.0,3.24,3.24,3.24,3.24,2.68,2.68,0.56,0.56,0.0,0.0,5.520855392737401,-122.7,148.1,5.372335203308524,0.03571428571428571,4.0,4.0,4.0,4.0,7.3,7.3,1.3,1.3,inf,inf,E,G,597.0
597,-,10,E,E,I,11.628,0.6285714285714287,"(False, 0.0)",F,598,21.0,19.57,19.57,0.51,0.51,19.25,19.25,0.32,0.32,19.06,19.06,3.0840394177398265,-127.2,146.9,2.5380392137797174,0.1065989847715736,9.8,9.8,1.3,1.3,11.7,11.7,0.9,0.9,11.8,11.8,E,F,598.0
598,-,0,E,E,I,9.154,-0.0857142857142857,"(False, 0.0)",T,599,3.0,2.88,2.88,0.28,0.28,2.6,2.6,0.28,0.28,2.6,2.6,2.935992242771708,-115.4,144.9,2.3034611382517816,0.02112676056338028,2.0,2.0,0.7,0.7,3.5,3.5,0.4,0.4,2.6,2.6,E,T,599.0
599,-,10,C,E,I,10.367999999999999,-0.6285714285714287,"(False, 0.0)",G,600,4.0,4.04,4.04,4.04,4.04,2.84,2.84,1.2,1.2,0.0,0.0,1.999489702637664,95.7,-4.6,1.9633115161795918,0.047619047619047616,5.0,5.0,5.0,5.0,7.8,7.8,2.7,2.7,inf,inf,S,G,600.0
600,e,30,C,C,I,9.264,0.02857142857142852,"(False, 0.0)",G,601,32.0,33.57,33.57,33.57,33.57,25.04,25.04,8.53,8.53,0.0,0.0,1.9997042376488647,-111.7,122.7,1.7096081717771738,0.3809523809523809,41.4,41.4,41.4,41.4,68.7,68.7,19.1,19.1,inf,inf,S,G,601.0
601,e,35,C,C,I,10.424,-0.8714285714285716,"(False, 0.0)",S,602,74.0,75.15,75.15,26.16,26.16,51.74,51.74,23.41,23.41,48.99,48.99,1.9998189423127497,-95.5,-3.3,1.7397638834312923,0.5692307692307692,63.5,63.5,60.3,60.3,110.2,110.2,32.8,32.8,65.4,65.4,S,S,602.0
602,e,45,C,E,I,12.308,-0.8857142857142856,"(False, 0.0)",R,603,4.0,5.75,5.75,0.0,0.0,0.05,0.05,5.7,5.7,5.75,5.75,2.779794164518643,-149.9,175.3,2.8260347867783464,0.016129032258064516,2.4,2.4,0.0,0.0,0.1,0.1,3.5,3.5,2.9,2.9,S,R,603.0
603,e,25,C,C,I,13.522000000000002,-0.8857142857142858,"(False, 0.0)",V,604,68.0,66.81,66.81,4.03,4.03,66.12,66.12,0.69,0.69,62.78,62.78,1.9995753279757464,-44.6,-38.6,2.0260034439591137,0.4788732394366197,44.0,44.0,9.7,9.7,57.5,57.5,1.9,1.9,56.8,56.8,T,V,604.0
604,e,30,C,T,I,12.308,-0.5571428571428572,"(False, 0.0)",N,605,1.0,1.02,1.02,0.0,0.0,0.0,0.0,1.02,1.02,1.02,1.02,3.3923166161062697,-107.9,10.9,3.1860529136571185,0.006369426751592357,0.7,0.7,0.0,0.0,0.0,0.0,1.0,1.0,1.0,1.0,T,N,605.0
605,e,30,E,E,I,12.702,-0.17142857142857149,"(False, 0.0)",S,606,5.0,5.42,5.42,0.0,0.0,5.25,5.25,0.17,0.17,5.42,5.42,2.656193621047042,-109.0,136.5,2.737083629539137,0.038461538461538464,4.6,4.6,0.0,0.0,11.2,11.2,0.2,0.2,7.2,7.2,E,S,606.0
606,-,0,E,E,I,11.638,0.8714285714285713,"(False, 0.0)",G,607,5.0,3.98,3.98,3.98,3.98,0.0,0.0,3.98,3.98,0.0,0.0,2.6162849605289926,-142.6,178.3,2.054471343727318,0.05952380952380953,4.9,4.9,4.9,4.9,0.0,0.0,8.9,8.9,inf,inf,E,G,607.0
607,-,15,E,E,I,13.034,0.9142857142857144,"(False, 0.0)",M,608,47.0,47.68,47.68,0.0,0.0,13.71,13.71,33.96,33.96,47.68,47.68,2.8529842854176533,-157.7,159.5,2.672062165873107,0.25,24.7,24.7,0.0,0.0,11.7,11.7,45.0,45.0,31.6,31.6,E,M,608.0
608,-,0,E,E,I,15.419999999999998,1.3142857142857143,"(False, 0.0)",M,609,1.0,0.74,0.74,0.0,0.0,0.7,0.7,0.04,0.04,0.74,0.74,4.445213158042264,-120.9,136.4,4.956471809534678,0.0053191489361702135,0.4,0.4,0.0,0.0,0.6,0.6,0.1,0.1,0.5,0.5,E,M,609.0
609,-,5,E,E,I,17.894,1.9714285714285715,"(False, 0.0)",F,610,10.0,11.75,11.75,1.35,1.35,10.4,10.4,1.35,1.35,10.4,10.4,5.878181419324622,-99.9,118.9,3.9827247881782055,0.05076142131979696,5.9,5.9,3.5,3.5,6.3,6.3,3.9,3.9,6.4,6.4,E,F,610.0
610,-,0,E,E,I,18.924,1.4714285714285713,"(False, 0.0)",I,611,0.0,0.65,0.65,0.65,0.65,0.13,0.13,0.52,0.52,0.0,0.0,6.270388520180349,-115.3,118.5,6.000418716541198,0.0,0.4,0.4,1.6,1.6,0.1,0.1,1.4,1.4,0.0,0.0,E,I,611.0
611,-,20,E,E,I,18.816,0.9714285714285714,"(False, 0.0)",T,612,26.0,28.24,28.24,0.02,0.02,27.82,27.82,0.43,0.43,28.22,28.22,3.305552768736875,-105.3,124.8,3.072372798542149,0.18309859154929575,20.1,20.1,0.0,0.0,37.4,37.4,0.6,0.6,28.6,28.6,E,T,612.0
612,-,0,E,E,I,18.342000000000002,0.05714285714285713,"(False, 0.0)",L,613,4.0,4.48,4.48,4.48,4.48,0.0,0.0,4.48,4.48,0.0,0.0,3.1326056862894536,-95.2,141.9,3.4083738048561067,0.024390243902439025,2.5,2.5,11.3,11.3,0.0,0.0,12.1,12.1,0.0,0.0,E,L,613.0
613,e,30,C,C,I,16.918,-0.8428571428571429,"(False, 0.0)",K,614,47.0,48.61,48.61,0.71,0.71,16.27,16.27,32.34,32.34,47.9,47.9,1.999521994820781,-58.3,152.5,2.2507416537166915,0.22926829268292684,23.7,23.7,1.7,1.7,14.6,14.6,34.5,34.5,29.4,29.4,-,K,614.0
614,e,50,C,C,I,16.1,-1.9857142857142858,"(False, 0.0)",P,615,67.0,77.13,77.13,3.36,3.36,77.08,77.08,0.05,0.05,73.77,73.77,1.9994836501362825,-50.0,158.0,2.3012468415841143,0.4926470588235294,56.2,56.2,12.2,12.2,63.6,63.6,0.3,0.3,67.3,67.3,-,P,615.0
615,e,35,C,S,I,14.534,-2.528571428571429,"(False, 0.0)",R,616,35.0,38.82,38.82,15.63,15.63,11.23,11.23,27.59,27.59,23.19,23.19,2.457818150849393,-74.8,-17.1,2.0206961317777488,0.14112903225806453,16.3,16.3,37.2,37.2,15.3,15.3,16.7,16.7,11.8,11.8,T,R,616.0
616,e,55,C,T,I,14.248000000000001,-3.185714285714286,"(False, 0.0)",D,617,149.0,139.84,139.84,45.95,45.95,51.48,51.48,88.36,88.36,93.89,93.89,1.999501328244932,-86.6,-9.6,1.6720945488382488,0.9141104294478528,98.0,98.0,108.7,108.7,121.2,121.2,88.1,88.1,93.5,93.5,T,D,617.0
617,e,50,C,C,I,12.656,-3.1285714285714286,"(False, 0.0)",E,618,111.0,100.87,100.87,17.47,17.47,33.63,33.63,67.24,67.24,83.4,83.4,1.9994000794733893,-108.6,3.1,1.8326142087028376,0.5721649484536082,57.9,57.9,41.6,41.6,65.1,65.1,54.9,54.9,63.1,63.1,S,E,618.0
618,-,25,C,S,I,12.514,-3.0,"(False, 0.0)",R,619,26.0,26.61,26.61,23.1,23.1,16.87,16.87,9.74,9.74,3.51,3.51,1.999395608496352,-157.8,160.7,2.639627779275254,0.10483870967741936,11.2,11.2,55.0,55.0,23.1,23.1,5.9,5.9,1.8,1.8,S,R,619.0
619,e,55,C,C,I,13.331999999999999,-2.1,"(False, 0.0)",S,620,101.0,97.41,97.41,20.48,20.48,47.69,47.69,49.72,49.72,76.93,76.93,1.9995430212079868,-70.8,149.8,1.7773835826464703,0.7769230769230769,82.3,82.3,47.2,47.2,101.6,101.6,69.7,69.7,102.7,102.7,-,S,620.0
620,e,45,C,C,I,12.918000000000001,-2.1,"(False, 0.0)",E,621,71.0,71.79,71.79,28.25,28.25,23.05,23.05,48.75,48.75,43.54,43.54,2.2119073529640447,-91.7,154.4,1.7529417641209315,0.36597938144329895,41.2,41.2,67.3,67.3,44.6,44.6,39.8,39.8,32.9,32.9,S,E,621.0
621,e,30,C,C,I,12.952000000000002,-2.1,"(False, 0.0)",T,622,43.0,47.34,47.34,2.56,2.56,35.63,35.63,11.71,11.71,44.78,44.78,2.432484496721403,-129.0,163.0,1.8763231045859812,0.3028169014084507,33.7,33.7,6.1,6.1,47.9,47.9,17.7,17.7,45.4,45.4,-,T,622.0
622,-,10,H,H,I,13.947999999999999,-0.8142857142857143,"(False, 0.0)",A,623,1.0,0.79,0.79,0.0,0.0,0.79,0.79,0.0,0.0,0.79,0.79,2.4607729277267825,-51.7,-34.7,2.4994186378400864,0.009433962264150943,0.7,0.7,0.0,0.0,1.1,1.1,0.0,0.0,1.2,1.2,T,A,623.0
623,e,45,H,H,I,15.514000000000001,-0.0571428571428572,"(False, 0.0)",Q,624,73.0,79.74,79.74,2.65,2.65,48.71,48.71,31.03,31.03,77.09,77.09,2.2818363960261068,-58.6,-34.0,1.803992231954816,0.3686868686868687,44.6,44.6,6.3,6.3,103.7,103.7,23.5,23.5,56.3,56.3,H,Q,624.0
624,e,40,H,H,I,16.64,-0.0571428571428572,"(False, 0.0)",Q,625,124.0,114.74,114.74,10.45,10.45,43.43,43.43,71.31,71.31,104.29,104.29,1.9992073467381215,-88.0,0.3,1.861181613172148,0.6262626262626263,64.2,64.2,24.9,24.9,92.4,92.4,54.1,54.1,76.2,76.2,H,Q,625.0
625,-,0,H,H,I,16.676,-0.5999999999999999,"(False, 0.0)",I,626,4.0,4.68,4.68,0.0,0.0,4.68,4.68,0.0,0.0,4.68,4.68,3.2411746747476182,-94.7,-40.5,3.1387590105322603,0.02366863905325444,2.7,2.7,0.0,0.0,3.4,3.4,0.0,0.0,3.5,3.5,H,I,626.0
626,-,5,H,H,I,16.642,-0.31428571428571433,"(False, 0.0)",I,627,4.0,5.78,5.78,0.0,0.0,5.78,5.78,0.0,0.0,5.78,5.78,4.37308949872638,-51.8,-63.6,3.271570622498678,0.02366863905325444,3.3,3.3,0.0,0.0,4.2,4.2,0.0,0.0,4.3,4.3,H,I,627.0
627,e,45,H,H,I,18.032,-0.457142857142857,"(False, 0.0)",D,628,62.00000000000001,55.21,55.21,3.29,3.29,33.97,33.97,21.24,21.24,51.92,51.92,2.4973929354886075,-76.1,-19.8,1.8221082468529282,0.3803680981595092,38.7,38.7,7.8,7.8,80.0,80.0,21.2,21.2,51.7,51.7,H,D,628.0
628,e,35,H,H,I,16.607999999999997,0.6428571428571429,"(False, 0.0)",R,629,133.0,136.61,136.61,28.07,28.07,69.24,69.24,67.38,67.38,108.54,108.54,1.999454074470576,-62.1,-37.7,1.843228784332432,0.5362903225806451,57.4,57.4,66.8,66.8,94.6,94.6,40.8,40.8,55.3,55.3,H,R,629.0
629,-,0,H,H,I,16.642000000000003,-0.557142857142857,"(False, 0.0)",L,630,11.0,11.86,11.86,1.13,1.13,10.73,10.73,1.13,1.13,10.73,10.73,2.342041060526804,-99.9,-17.4,2.9388271001301605,0.06707317073170732,6.6,6.6,2.8,2.8,7.5,7.5,3.0,3.0,7.7,7.7,H,L,630.0
630,-,25,H,H,I,17.448,-0.6571428571428574,"(False, 0.0)",R,631,60.0,63.87,63.87,0.03,0.03,10.98,10.98,52.89,52.89,63.84,63.84,2.9968890477448307,-65.5,-43.6,2.2384705192017926,0.2419354838709677,26.8,26.8,0.1,0.1,15.0,15.0,32.1,32.1,32.5,32.5,H,R,631.0
631,e,55,H,H,I,18.871999999999996,0.0999999999999999,"(False, 0.0)",V,632,94.0,96.71,96.71,4.9,4.9,93.09,93.09,3.62,3.62,91.81,91.81,1.9999313250083148,-61.4,-32.0,1.9404919003959755,0.6619718309859155,63.6,63.6,11.8,11.8,80.9,80.9,9.8,9.8,83.1,83.1,H,V,632.0
632,e,30,H,H,I,16.892000000000003,0.18571428571428564,"(False, 0.0)",K,633,132.0,121.71,121.71,22.94,22.94,48.91,48.91,72.8,72.8,98.77,98.77,1.9996035706505968,-57.4,-41.7,1.9406153384669904,0.6439024390243903,59.4,59.4,54.6,54.6,44.0,44.0,77.6,77.6,60.6,60.6,H,K,633.0
633,-,0,H,H,I,17.178000000000004,-0.857142857142857,"(False, 0.0)",L,634,26.0,27.86,27.86,0.1,0.1,27.79,27.79,0.07,0.07,27.76,27.76,2.4258760669279744,-143.1,17.6,2.646353140413412,0.15853658536585366,15.5,15.5,0.3,0.3,19.5,19.5,0.2,0.2,19.9,19.9,H,L,634.0
634,e,45,H,H,I,15.578,-0.44285714285714295,"(False, 0.0)",A,635,40.0,43.7,43.7,21.4,21.4,22.97,22.97,20.73,20.73,22.3,22.3,2.3340587366031444,-99.6,17.0,2.1758909437042027,0.37735849056603776,40.2,40.2,48.7,48.7,32.3,32.3,54.9,54.9,34.4,34.4,S,A,635.0
635,e,60,H,T,I,15.922,-1.0999999999999999,"(False, 0.0)",K,636,170.0,162.3,162.3,30.78,30.78,82.79,82.79,79.51,79.51,131.52,131.52,1.999571321948264,-114.6,12.4,1.9298875849300008,0.8292682926829268,79.2,79.2,73.3,73.3,74.5,74.5,84.7,84.7,80.7,80.7,S,K,636.0
636,-,10,C,C,I,12.322,-0.2857142857142857,"(False, 0.0)",E,637,58.0,53.29,53.29,13.85,13.85,4.6,4.6,48.68,48.68,39.43,39.43,1.9998472559891545,-86.0,129.6,1.7979010328765337,0.29896907216494845,30.6,30.6,33.0,33.0,8.9,8.9,39.7,39.7,29.8,29.8,-,E,637.0
637,e,40,C,T,I,12.322,-1.3285714285714285,"(True, 0.6932)",P,638,122.0,132.9,132.9,34.63,34.63,111.37,111.37,21.53,21.53,98.27,98.27,1.999922769306656,-77.6,-6.4,1.8338145379238888,0.8970588235294118,96.9,96.9,125.9,125.9,92.0,92.0,133.8,133.8,89.6,89.6,T,P,638.0
638,e,55,C,T,I,11.744,-1.042857142857143,"(False, 0.0)",G,639,26.0,28.69,28.69,28.69,28.69,21.16,21.16,7.53,7.53,0.0,0.0,1.999618357561792,-96.3,5.6,1.8060787374266711,0.30952380952380953,35.4,35.4,35.4,35.4,58.1,58.1,16.9,16.9,inf,inf,T,G,639.0
639,-,0,C,C,I,13.309999999999999,-0.08571428571428576,"(False, 0.0)",A,640,3.0,4.05,4.05,4.0,4.0,3.22,3.22,0.84,0.84,0.05,0.05,1.999518576300825,159.1,142.6,2.1021885645768985,0.02830188679245283,3.7,3.7,9.1,9.1,4.5,4.5,2.2,2.2,0.1,0.1,-,A,640.0
640,e,30,E,E,I,13.783999999999997,0.9571428571428571,"(False, 0.0)",N,641,106.0,105.09,105.09,3.06,3.06,18.79,18.79,86.3,86.3,102.02,102.02,2.2548552898520766,-88.5,102.7,1.7889097567879249,0.6751592356687898,72.5,72.5,7.4,7.4,45.2,45.2,83.4,83.4,98.6,98.6,E,N,641.0
641,-,0,E,E,I,17.384000000000004,1.457142857142857,"(False, 0.0)",L,642,2.0,1.03,1.03,0.8,0.8,0.23,0.23,0.8,0.8,0.23,0.23,2.5003375049799472,-101.9,86.0,3.0687822715656483,0.012195121951219513,0.6,0.6,2.0,2.0,0.2,0.2,2.2,2.2,0.2,0.2,E,L,642.0
642,-,10,E,E,I,18.334,1.7714285714285711,"(False, 0.0)",F,643,69.0,70.44,70.44,2.66,2.66,67.78,67.78,2.66,2.66,67.78,67.78,2.2325015198843325,-89.9,128.1,1.8709185609222097,0.350253807106599,35.2,35.2,6.9,6.9,41.1,41.1,7.6,7.6,42.0,42.0,E,F,643.0
643,-,0,E,E,I,18.07,2.1142857142857143,"(False, 0.0)",L,644,1.0,0.91,0.91,0.08,0.08,0.83,0.83,0.08,0.08,0.83,0.83,2.23646158310178,-115.8,141.7,3.1687603788947256,0.006097560975609756,0.5,0.5,0.2,0.2,0.6,0.6,0.2,0.2,0.6,0.6,E,L,644.0
644,-,15,E,E,I,18.104000000000003,2.1142857142857143,"(False, 0.0)",M,645,52.0,54.73,54.73,0.03,0.03,48.83,48.83,5.91,5.91,54.7,54.7,2.278881350181776,-154.7,153.3,2.1632044077603005,0.2765957446808511,28.3,28.3,0.1,0.1,41.5,41.5,7.8,7.8,36.2,36.2,E,M,645.0
645,e,30,C,C,I,17.034,1.0714285714285714,"(False, 0.0)",A,646,6.0,7.76,7.76,4.01,4.01,3.75,3.75,4.01,4.01,3.75,3.75,2.3652053141523823,-84.9,177.8,1.9095118982831267,0.05660377358490566,7.1,7.1,9.1,9.1,5.3,5.3,10.6,10.6,5.8,5.8,-,A,646.0
646,-,20,C,C,I,15.089999999999998,1.3142857142857145,"(False, 0.0)",V,647,1.0,0.53,0.53,0.0,0.0,0.53,0.53,0.0,0.0,0.53,0.53,2.302223479077893,-100.1,142.1,3.2033008557653875,0.007042253521126761,0.4,0.4,0.0,0.0,0.5,0.5,0.0,0.0,0.5,0.5,-,V,647.0
647,e,35,C,C,I,16.12,0.12857142857142861,"(False, 0.0)",Q,648,3.0,4.05,4.05,3.71,3.71,1.64,1.64,2.41,2.41,0.34,0.34,1.9997039251503428,-43.9,162.2,2.78557386629027,0.015151515151515154,2.3,2.3,8.8,8.8,3.5,3.5,1.8,1.8,0.2,0.2,-,Q,648.0
648,e,40,C,C,I,16.676,0.4571428571428572,"(False, 0.0)",D,649,6.0,8.42,8.42,3.48,3.48,3.61,3.61,4.81,4.81,4.94,4.94,2.658463164936351,-44.9,-64.2,2.7894099308183278,0.03680981595092025,5.9,5.9,8.2,8.2,8.5,8.5,4.8,4.8,4.9,4.9,S,D,649.0
649,-,10,C,C,I,16.676,0.14285714285714285,"(False, 0.0)",I,650,15.0,15.79,15.79,0.01,0.01,15.79,15.79,0.0,0.0,15.77,15.77,3.1149157439617308,-100.7,106.3,2.6890096954885525,0.08875739644970414,9.0,9.0,0.0,0.0,11.4,11.4,0.0,0.0,11.8,11.8,-,I,650.0
650,e,35,C,C,I,14.466,-0.5142857142857143,"(False, 0.0)",R,651,8.0,8.18,8.18,0.0,0.0,3.56,3.56,4.63,4.63,8.18,8.18,3.4302972853525517,-60.0,-41.7,3.336689906206667,0.03225806451612903,3.4,3.4,0.0,0.0,4.9,4.9,2.8,2.8,4.2,4.2,S,R,651.0
651,-,15,C,T,I,12.809999999999999,-0.6571428571428573,"(False, 0.0)",V,652,13.999999999999998,12.98,12.98,2.01,2.01,10.98,10.98,2.01,2.01,10.98,10.98,3.559438771928695,-66.9,-44.6,3.1396887777629106,0.09859154929577464,8.5,8.5,4.8,4.8,9.5,9.5,5.4,5.4,9.9,9.9,T,V,652.0
652,e,20,C,T,I,11.386,-0.6571428571428571,"(False, 0.0)",G,653,16.0,14.07,14.07,14.07,14.07,9.12,9.12,4.95,4.95,0.0,0.0,1.999556031674809,-83.7,3.8,2.075136985989184,0.19047619047619047,17.3,17.3,17.3,17.3,25.0,25.0,11.1,11.1,inf,inf,T,G,653.0
653,e,25,C,C,I,11.419999999999998,-1.4142857142857144,"(False, 0.0)",G,654,0.0,0.0,0.0,0.0,0.0,0.0,0.0,0.0,0.0,0.0,0.0,3.2453756016299504,-113.9,-12.7,3.4471666577058953,0.0,0.0,0.0,0.0,0.0,0.0,0.0,0.0,0.0,inf,inf,T,G,654.0
654,e,20,C,C,I,9.0,-1.2714285714285716,"(False, 0.0)",R,655,67.0,73.81,73.81,20.37,20.37,13.52,13.52,60.29,60.29,53.43,53.43,1.9998583798852139,62.4,23.4,2.0450371013313533,0.2701612903225806,31.0,31.0,48.5,48.5,18.5,18.5,36.5,36.5,27.2,27.2,T,R,655.0
655,e,25,C,C,I,10.884,-1.6142857142857143,"(False, 0.0)",Q,656,28.0,26.21,26.21,0.77,0.77,26.07,26.07,0.14,0.14,25.43,25.43,2.411713231298155,77.0,11.8,2.1947894937956347,0.1414141414141414,14.7,14.7,1.8,1.8,55.5,55.5,0.1,0.1,18.6,18.6,T,Q,656.0
656,e,25,C,T,I,12.504,-1.6714285714285715,"(False, 0.0)",S,657,12.0,16.02,16.02,0.74,0.74,5.38,5.38,10.64,10.64,15.28,15.28,1.9995477991652295,-175.6,111.5,2.0275949142513303,0.09230769230769233,13.5,13.5,1.7,1.7,11.5,11.5,14.9,14.9,20.4,20.4,-,S,657.0
657,e,50,C,S,I,11.542,-1.8,"(False, 0.0)",N,658,31.000000000000004,28.29,28.29,3.55,3.55,0.14,0.14,28.16,28.16,24.74,24.74,2.7990190700034376,-122.1,-1.5,1.959498040153998,0.19745222929936307,19.5,19.5,8.6,8.6,0.3,0.3,27.2,27.2,23.9,23.9,-,N,658.0
658,-,10,C,C,I,12.258,-1.6571428571428568,"(False, 0.0)",A,659,28.0,37.05,37.05,9.18,9.18,35.95,35.95,1.1,1.1,27.87,27.87,1.999629294513508,-77.0,-15.9,1.8377086719140527,0.2641509433962264,34.1,34.1,20.9,20.9,50.6,50.6,2.9,2.9,43.0,43.0,S,A,659.0
659,e,35,C,C,I,13.254,-1.342857142857143,"(False, 0.0)",S,660,1.0,1.66,1.66,0.55,0.55,1.11,1.11,0.55,0.55,1.11,1.11,3.100001390492661,-90.3,164.7,2.447101674614731,0.007692307692307694,1.4,1.4,1.3,1.3,2.4,2.4,0.8,0.8,1.5,1.5,E,S,660.0
660,-,0,E,E,I,14.296000000000001,-1.3285714285714287,"(False, 0.0)",Y,661,5.0,4.91,4.91,0.78,0.78,3.63,3.63,1.28,1.28,4.13,4.13,1.9998490556710755,-102.9,148.2,2.6845759992986515,0.022522522522522518,2.3,2.3,2.0,2.0,2.7,2.7,1.6,1.6,2.3,2.3,E,Y,661.0
661,-,15,E,E,I,15.15,-0.28571428571428575,"(False, 0.0)",Q,662,23.0,26.1,26.1,0.0,0.0,10.13,10.13,15.97,15.97,26.1,26.1,2.6594822538486844,-138.2,141.9,2.25484679104111,0.11616161616161615,14.6,14.6,0.0,0.0,21.6,21.6,12.1,12.1,19.1,19.1,E,Q,662.0
662,-,0,E,E,I,17.536,-3.172065784643304e-17,"(False, 0.0)",Y,663,10.0,8.45,8.45,2.57,2.57,6.42,6.42,2.03,2.03,5.88,5.88,1.9999043092037732,-159.1,161.9,2.5955530068424437,0.045045045045045036,3.9,3.9,6.7,6.7,4.8,4.8,2.5,2.5,3.3,3.3,E,Y,663.0
663,-,20,E,E,I,18.21,-3.172065784643304e-17,"(False, 0.0)",T,664,3.0,4.24,4.24,0.22,0.22,4.02,4.02,0.22,0.22,4.02,4.02,3.2834875156217507,-123.3,151.3,2.614947114622736,0.02112676056338028,3.0,3.0,0.5,0.5,5.4,5.4,0.3,0.3,4.1,4.1,E,T,664.0
664,-,0,E,E,I,17.214,-0.31428571428571433,"(False, 0.0)",L,665,0.0,0.47,0.47,0.0,0.0,0.47,0.47,0.0,0.0,0.47,0.47,3.8618519979157186,-112.2,137.2,4.4157644090839145,0.0,0.3,0.3,0.0,0.0,0.3,0.3,0.0,0.0,0.3,0.3,E,L,665.0
665,e,30,E,E,I,15.943999999999999,-0.31428571428571433,"(False, 0.0)",L,666,20.0,22.27,22.27,2.75,2.75,19.63,19.63,2.63,2.63,19.52,19.52,2.6643713575144896,-130.1,118.6,2.4208506843945363,0.12195121951219512,12.4,12.4,6.9,6.9,13.8,13.8,7.1,7.1,14.0,14.0,E,L,666.0
666,-,10,C,C,I,15.126,0.4142857142857142,"(False, 0.0)",S,667,2.0,3.22,3.22,3.22,3.22,3.22,3.22,0.0,0.0,0.0,0.0,1.999638248907924,-161.2,162.3,2.5083229470938653,0.015384615384615384,2.7,2.7,7.4,7.4,6.9,6.9,0.0,0.0,0.0,0.0,-,S,667.0
667,e,50,C,S,I,15.126,0.7714285714285712,"(False, 0.0)",D,668,123.0,111.06,111.06,30.67,30.67,40.86,40.86,70.2,70.2,80.4,80.4,1.9997206683696882,-118.3,-1.9,1.672189774264521,0.7546012269938649,77.8,77.8,72.5,72.5,96.2,96.2,70.0,70.0,80.0,80.0,S,D,668.0
668,e,35,C,C,I,13.145999999999997,0.48571428571428565,"(False, 0.0)",D,669,87.0,73.34,73.34,8.91,8.91,30.53,30.53,42.81,42.81,64.43,64.43,1.999563059116057,-89.0,123.7,1.8810927204124697,0.5337423312883436,51.4,51.4,21.1,21.1,71.8,71.8,42.7,42.7,64.1,64.1,-,D,669.0
669,-,10,H,H,I,13.551999999999998,0.4857142857142857,"(False, 0.0)",L,670,98.0,98.26,98.26,5.54,5.54,95.5,95.5,2.76,2.76,92.72,92.72,1.9996258668362936,-62.1,-43.3,1.8518869854401327,0.5975609756097561,54.7,54.7,13.9,13.9,67.1,67.1,7.4,7.4,66.3,66.3,H,L,670.0
670,e,50,H,H,I,15.495999999999999,-0.04285714285714293,"(False, 0.0)",A,671,56.0,62.2,62.2,8.25,8.25,61.31,61.31,0.89,0.89,53.95,53.95,1.9997684612661504,-72.6,-49.1,1.8188435160608245,0.5283018867924528,57.2,57.2,18.8,18.8,86.3,86.3,2.4,2.4,83.3,83.3,H,A,671.0
671,e,30,H,H,I,16.016,-0.04285714285714293,"(False, 0.0)",A,672,25.0,27.94,27.94,4.49,4.49,27.25,27.25,0.69,0.69,23.45,23.45,1.9994885588116196,-61.6,-39.6,2.1204316178382934,0.2358490566037736,25.7,25.7,10.2,10.2,38.4,38.4,1.8,1.8,36.2,36.2,H,A,672.0
672,-,0,H,H,I,14.45,0.32857142857142857,"(False, 0.0)",L,673,12.0,11.13,11.13,0.0,0.0,11.13,11.13,0.0,0.0,11.13,11.13,4.885822077076771,-63.4,-41.8,4.609244269684159,0.07317073170731707,6.2,6.2,0.0,0.0,7.8,7.8,0.0,0.0,8.0,8.0,H,L,673.0
673,e,30,H,H,I,16.484,-0.7142857142857143,"(False, 0.0)",R,674,53.0,57.89,57.89,5.34,5.34,28.35,28.35,29.54,29.54,52.55,52.55,2.647508430068776,-76.2,-18.7,2.1034914408695258,0.21370967741935484,24.3,24.3,12.7,12.7,38.7,38.7,17.9,17.9,26.8,26.8,H,R,674.0
674,e,50,H,H,I,16.898000000000003,-1.2,"(False, 0.0)",E,675,136.0,121.38,121.38,6.34,6.34,40.35,40.35,81.03,81.03,115.04,115.04,1.9996131899754923,-77.6,-36.3,1.7871519483908065,0.7010309278350515,69.7,69.7,15.1,15.1,78.0,78.0,66.2,66.2,87.0,87.0,H,E,675.0
675,-,0,H,H,I,16.104000000000003,-2.0142857142857142,"(False, 0.0)",W,676,0.0,0.16,0.16,0.0,0.0,0.16,0.16,0.0,0.0,0.16,0.16,3.701563993764173,-57.2,-45.6,4.315952591591723,0.0,0.1,0.1,0.0,0.0,0.1,0.1,0.0,0.0,0.1,0.1,H,W,676.0
676,-,0,H,H,I,16.389999999999997,-1.9142857142857144,"(False, 0.0)",E,677,6.0,5.09,5.09,0.08,0.08,0.04,0.04,5.05,5.05,5.01,5.01,3.5158112105600714,-59.1,-49.9,2.8059505751042204,0.030927835051546393,2.9,2.9,0.2,0.2,0.1,0.1,4.1,4.1,3.8,3.8,H,E,677.0
677,e,50,H,H,I,17.956,-1.9142857142857144,"(False, 0.0)",P,678,41.0,44.83,44.83,0.62,0.62,44.83,44.83,0.0,0.0,44.21,44.21,1.9996974284550801,-66.0,-37.1,2.0987680921298257,0.3014705882352941,32.7,32.7,2.3,2.3,37.0,37.0,0.0,0.0,40.3,40.3,H,P,678.0
678,e,40,H,H,I,16.478,-1.9714285714285715,"(False, 0.0)",K,679,91.0,87.69,87.69,8.73,8.73,61.61,61.61,26.08,26.08,78.96,78.96,1.999342044797504,-63.1,-43.4,1.9238346671901887,0.4439024390243903,42.8,42.8,20.8,20.8,55.5,55.5,27.8,27.8,48.4,48.4,H,K,679.0
679,-,0,H,H,I,16.906,-2.4,"(False, 0.0)",I,680,1.0,0.85,0.85,0.0,0.0,0.85,0.85,0.0,0.0,0.85,0.85,4.152013635931796,-72.3,-42.5,4.805295255668376,0.005917159763313609,0.5,0.5,0.0,0.0,0.6,0.6,0.0,0.0,0.6,0.6,H,I,680.0
680,-,20,H,H,I,16.562,-1.3571428571428572,"(False, 0.0)",R,681,79.0,86.7,86.7,1.49,1.49,16.52,16.52,70.18,70.18,85.2,85.2,2.7921397022716214,-58.3,-38.1,2.1653754188332326,0.3185483870967742,36.4,36.4,3.6,3.6,22.6,22.6,42.5,42.5,43.4,43.4,H,R,681.0
681,e,50,H,H,I,17.7,-0.8714285714285713,"(False, 0.0)",K,682,153.0,145.3,145.3,5.44,5.44,86.04,86.04,59.25,59.25,139.86,139.86,1.9996445525506017,-83.4,-26.4,1.9056048088563784,0.7463414634146341,70.9,70.9,12.9,12.9,77.4,77.4,63.1,63.1,85.8,85.8,H,K,682.0
682,-,25,H,H,I,15.719999999999999,-0.4142857142857143,"(True, 0.8601)",K,683,75.0,72.86,72.86,6.12,6.12,29.85,29.85,43.01,43.01,66.74,66.74,1.9995332308636409,-65.2,-34.0,1.967916484960511,0.36585365853658536,35.5,35.5,14.6,14.6,26.9,26.9,45.8,45.8,40.9,40.9,H,K,683.0
683,-,0,H,H,I,16.018,-0.5142857142857142,"(False, 0.0)",L,684,3.0,4.33,4.33,1.88,1.88,2.45,2.45,1.88,1.88,2.45,2.45,2.6509264992411485,-90.1,-0.5,2.724638977900249,0.018292682926829267,2.4,2.4,4.7,4.7,1.7,1.7,5.1,5.1,1.8,1.8,T,L,684.0
684,e,45,H,H,I,17.156,-0.09999999999999999,"(False, 0.0)",A,685,74.0,75.12,75.12,36.7,36.7,45.12,45.12,30.0,30.0,38.42,38.42,1.9996032832261983,-84.2,-16.2,2.0029438777350457,0.6981132075471698,69.1,69.1,83.5,83.5,63.5,63.5,79.5,79.5,59.3,59.3,T,A,685.0
685,e,60,H,H,I,17.499999999999996,-0.04285714285714305,"(False, 0.0)",T,686,118.0,117.04,117.04,32.04,32.04,79.87,79.87,37.17,37.17,85.0,85.0,1.9997976771680053,-97.5,15.8,1.8634848187242756,0.8309859154929577,83.2,83.2,76.4,76.4,107.3,107.3,56.2,56.2,86.2,86.2,T,T,686.0
686,-,15,C,C,I,15.934000000000001,1.0571428571428572,"(False, 0.0)",L,687,42.0,42.33,42.33,5.34,5.34,37.76,37.76,4.56,4.56,36.98,36.98,2.112105342743948,-124.5,117.7,1.9160769378204427,0.25609756097560976,23.6,23.6,13.4,13.4,26.5,26.5,12.3,12.3,26.5,26.5,-,L,687.0
687,e,55,C,T,I,17.913999999999998,0.7714285714285712,"(False, 0.0)",P,688,105.0,108.89,108.89,11.53,11.53,100.79,100.79,8.1,8.1,97.35,97.35,1.9994422346252816,-101.7,38.8,1.8789511380407031,0.7720588235294118,79.4,79.4,41.9,41.9,83.2,83.2,50.3,50.3,88.7,88.7,T,P,688.0
688,e,50,C,T,I,17.059999999999995,0.01428571428571417,"(False, 0.0)",E,689,58.99999999999999,50.94,50.94,1.29,1.29,23.29,23.29,27.64,27.64,49.65,49.65,1.9993522200389668,-94.5,4.6,1.90009246024896,0.30412371134020616,29.2,29.2,3.1,3.1,45.1,45.1,22.6,22.6,37.6,37.6,T,E,689.0
689,-,0,C,C,I,15.116,0.7142857142857143,"(False, 0.0)",L,690,15.0,14.78,14.78,12.35,12.35,2.43,2.43,12.35,12.35,2.43,2.43,2.663787065347169,-133.3,159.7,2.630758978114328,0.09146341463414634,8.2,8.2,31.1,31.1,1.7,1.7,33.2,33.2,1.7,1.7,-,L,690.0
690,e,25,E,E,I,15.943999999999999,-0.32857142857142857,"(False, 0.0)",A,691,35.0,41.26,41.26,9.64,9.64,41.26,41.26,0.0,0.0,31.63,31.63,1.9992668422417204,-142.0,150.3,2.221922823914704,0.330188679245283,37.9,37.9,21.9,21.9,58.1,58.1,0.0,0.0,48.8,48.8,E,A,691.0
691,e,35,E,E,I,15.794,-0.21428571428571427,"(False, 0.0)",D,692,57.0,50.72,50.72,19.06,19.06,7.7,7.7,43.01,43.01,31.66,31.66,1.999948601283826,51.8,53.9,1.7307990587150497,0.3496932515337423,35.5,35.5,45.1,45.1,18.1,18.1,42.9,42.9,31.5,31.5,E,D,692.0
692,-,0,E,E,I,13.407999999999998,-0.21428571428571427,"(False, 0.0)",V,693,17.0,17.09,17.09,6.43,6.43,10.66,10.66,6.43,6.43,10.66,10.66,2.4646355742253827,-80.3,107.6,2.347441905763905,0.11971830985915492,11.2,11.2,15.5,15.5,9.3,9.3,17.4,17.4,9.7,9.7,E,V,693.0
693,e,35,E,E,I,13.443999999999999,-1.257142857142857,"(False, 0.0)",N,694,50.0,48.06,48.06,0.0,0.0,21.35,21.35,26.71,26.71,48.06,48.06,2.624505542514483,-140.3,157.6,1.971790388759714,0.3184713375796178,33.1,33.1,0.0,0.0,51.4,51.4,25.8,25.8,46.4,46.4,E,N,694.0
694,-,20,C,E,I,13.998,-2.0142857142857147,"(False, 0.0)",S,695,21.0,27.98,27.98,18.29,18.29,0.36,0.36,27.62,27.62,9.7,9.7,2.4516136113694427,-96.8,143.3,1.8979880453990627,0.16153846153846155,23.6,23.6,42.1,42.1,0.8,0.8,38.7,38.7,12.9,12.9,E,S,695.0
695,e,45,C,C,I,12.574,-2.0142857142857142,"(False, 0.0)",D,696,77.0,76.91,76.91,24.73,24.73,39.09,39.09,37.82,37.82,52.18,52.18,1.999572400728072,-98.5,3.6,1.7598144058828231,0.4723926380368098,53.9,53.9,58.5,58.5,92.0,92.0,37.7,37.7,51.9,51.9,S,D,696.0
696,-,20,C,C,I,12.346,-3.1142857142857143,"(False, 0.0)",Q,697,13.000000000000002,17.22,17.22,5.55,5.55,6.69,6.69,10.53,10.53,11.68,11.68,1.999546719513276,-77.2,-154.5,2.2460175180800146,0.06565656565656566,9.6,9.6,13.2,13.2,14.2,14.2,8.0,8.0,8.5,8.5,S,Q,697.0
697,e,50,C,C,I,13.016,-2.6714285714285713,"(False, 0.0)",Q,698,16.0,21.3,21.3,5.83,5.83,3.91,3.91,17.39,17.39,15.47,15.47,1.9995538914681,-142.3,129.1,2.2477674253264714,0.08080808080808081,11.9,11.9,13.9,13.9,8.3,8.3,13.2,13.2,11.3,11.3,-,Q,698.0
698,e,45,C,T,I,11.36,-2.3000000000000003,"(False, 0.0)",D,699,53.99999999999999,59.09,59.09,1.12,1.12,15.99,15.99,43.1,43.1,57.97,57.97,2.5761219619584437,-58.0,149.3,2.0696491202592844,0.3312883435582822,41.4,41.4,2.6,2.6,37.6,37.6,43.0,43.0,57.7,57.7,-,D,699.0
699,e,55,C,T,I,10.77,-2.3000000000000003,"(False, 0.0)",N,700,38.0,38.58,38.58,2.5,2.5,14.03,14.03,24.55,24.55,36.08,36.08,2.266049844217201,-55.8,143.2,1.965200014117196,0.2420382165605096,26.6,26.6,6.0,6.0,33.8,33.8,23.7,23.7,34.9,34.9,E,N,700.0
700,e,30,C,C,I,10.594,-1.5285714285714285,"(False, 0.0)",G,701,0.0,0.85,0.85,0.85,0.85,0.81,0.81,0.04,0.04,0.0,0.0,1.999411623069897,-106.9,166.9,1.925976065380372,0.0,1.0,1.0,1.0,1.0,2.2,2.2,0.1,0.1,inf,inf,E,G,701.0
701,e,35,C,C,I,11.508,-1.5285714285714285,"(False, 0.0)",A,702,51.0,58.34,58.34,16.59,16.59,42.29,42.29,16.05,16.05,41.75,41.75,1.9994927951268648,-89.1,110.6,1.8831482103976125,0.4811320754716981,53.6,53.6,37.7,37.7,59.6,59.6,42.5,42.5,64.4,64.4,E,A,702.0
702,e,30,E,E,I,11.508,-0.4857142857142857,"(False, 0.0)",E,703,58.0,52.2,52.2,4.44,4.44,22.48,22.48,29.72,29.72,47.76,47.76,1.9996874218170189,-114.7,162.9,1.78373340825847,0.29896907216494845,30.0,30.0,10.6,10.6,43.5,43.5,24.3,24.3,36.1,36.1,E,E,703.0
703,-,0,E,E,I,15.107999999999999,0.6142857142857144,"(False, 0.0)",M,704,90.0,87.95,87.95,33.73,33.73,54.82,54.82,33.13,33.13,54.22,54.22,2.3254371937202487,-115.3,125.8,1.9046320645304364,0.4787234042553192,45.5,45.5,80.3,80.3,46.6,46.6,43.9,43.9,35.9,35.9,E,M,704.0
704,e,25,E,E,I,17.121999999999996,0.48571428571428565,"(False, 0.0)",N,705,93.0,81.12,81.12,3.57,3.57,13.72,13.72,67.39,67.39,77.55,77.55,1.9996825534431284,-99.3,134.0,2.020015769450759,0.5923566878980892,55.9,55.9,8.6,8.6,33.0,33.0,65.1,65.1,74.9,74.9,E,N,705.0
705,-,0,E,E,I,18.014,-0.27142857142857146,"(False, 0.0)",L,706,56.99999999999999,55.54,55.54,25.88,25.88,29.66,29.66,25.88,25.88,29.66,29.66,2.312558644691632,-108.5,114.0,2.0288477135975422,0.3475609756097561,30.9,30.9,65.1,65.1,20.8,20.8,69.6,69.6,21.2,21.2,E,L,706.0
706,e,25,E,E,I,17.1,-0.4142857142857142,"(False, 0.0)",V,707,64.0,69.81,69.81,3.82,3.82,69.81,69.81,0.0,0.0,65.99,65.99,1.9997881291709945,-106.3,114.3,2.346686143986851,0.4507042253521127,45.9,45.9,9.2,9.2,60.7,60.7,0.0,0.0,59.7,59.7,E,V,707.0
707,-,0,E,E,I,17.392000000000003,-1.1857142857142857,"(False, 0.0)",Y,708,38.0,37.04,37.04,15.62,15.62,20.82,20.82,16.22,16.22,21.42,21.42,2.3023345442414453,-106.2,111.0,2.1462313109136595,0.17117117117117114,17.3,17.3,40.6,40.6,15.6,15.6,20.0,20.0,12.2,12.2,E,Y,708.0
708,e,25,C,C,I,15.448000000000002,-0.7857142857142857,"(False, 0.0)",D,709,46.0,42.25,42.25,10.53,10.53,17.17,17.17,25.08,25.08,31.72,31.72,1.9997171471128437,-60.3,93.5,2.0289322466297883,0.2822085889570552,29.6,29.6,24.9,24.9,40.4,40.4,25.0,25.0,31.6,31.6,-,D,709.0
709,e,25,H,H,I,14.288,-1.0571428571428572,"(False, 0.0)",R,710,193.0,184.99,184.99,5.54,5.54,56.17,56.17,128.82,128.82,179.45,179.45,2.274924216733357,-59.1,-42.0,1.8318212613178075,0.7782258064516129,77.7,77.7,13.2,13.2,76.8,76.8,78.1,78.1,91.5,91.5,H,R,710.0
710,e,45,H,H,I,13.931999999999999,-1.4000000000000001,"(False, 0.0)",D,711,147.0,128.06,128.06,11.09,11.09,44.14,44.14,83.92,83.92,116.97,116.97,1.9999691391956915,-60.2,-43.6,1.6721407432346926,0.9018404907975459,89.7,89.7,26.2,26.2,103.9,103.9,83.7,83.7,116.4,116.4,H,D,711.0
711,e,25,H,H,I,13.896,-1.857142857142857,"(False, 0.0)",T,712,55.99999999999999,52.95,52.95,6.69,6.69,26.71,26.71,26.24,26.24,46.26,46.26,1.99970546603973,-67.9,-48.5,2.0548066170401,0.39436619718309857,37.7,37.7,15.9,15.9,35.9,35.9,39.7,39.7,46.9,46.9,H,T,712.0
712,-,0,H,H,I,13.896,-0.8142857142857142,"(False, 0.0)",M,713,8.0,6.8,6.8,0.0,0.0,6.66,6.66,0.14,0.14,6.8,6.8,3.7946414776067816,-60.4,-43.9,3.0758563070683373,0.0425531914893617,3.5,3.5,0.0,0.0,5.7,5.7,0.2,0.2,4.5,4.5,H,M,713.0
713,e,30,H,H,I,15.84,-0.22857142857142862,"(False, 0.0)",A,714,67.0,68.5,68.5,20.51,20.51,52.46,52.46,16.05,16.05,48.0,48.0,1.9996543911936455,-62.5,-40.7,1.9164505361036293,0.6320754716981132,63.0,63.0,46.6,46.6,73.9,73.9,42.5,42.5,74.1,74.1,H,A,714.0
714,e,45,H,H,I,13.366,0.914285714285714,"(False, 0.0)",R,715,226.0,217.15,217.15,32.5,32.5,57.74,57.74,159.41,159.41,184.65,184.65,1.9998437919983998,-65.8,-27.5,1.859870285036325,0.9112903225806452,91.2,91.2,77.4,77.4,78.9,78.9,96.6,96.6,94.1,94.1,H,R,715.0
715,-,10,C,T,I,14.395999999999997,0.5142857142857141,"(False, 0.0)",L,716,43.0,44.04,44.04,11.97,11.97,41.05,41.05,2.99,2.99,32.07,32.07,1.9995916197237893,-88.3,1.7,1.9638246349877722,0.2621951219512195,24.5,24.5,30.1,30.1,28.8,28.8,8.1,8.1,22.9,22.9,T,L,716.0
716,e,25,C,T,I,14.431999999999999,0.8428571428571429,"(False, 0.0)",G,717,28.0,27.42,27.42,27.42,27.42,27.07,27.07,0.36,0.36,0.0,0.0,1.9995381032143655,80.4,17.5,1.8478106863331767,0.3333333333333333,33.8,33.8,33.8,33.8,74.3,74.3,0.8,0.8,inf,inf,T,G,717.0
717,-,0,C,C,I,15.889999999999997,0.08571428571428573,"(False, 0.0)",I,718,4.0,4.19,4.19,4.19,4.19,0.56,0.56,3.63,3.63,0.0,0.0,2.5044917838431715,-86.9,116.2,3.074298968868048,0.02366863905325444,2.4,2.4,10.1,10.1,0.4,0.4,9.8,9.8,0.0,0.0,-,I,718.0
718,e,20,C,C,I,14.5,0.9857142857142855,"(False, 0.0)",D,719,75.0,65.01,65.01,3.89,3.89,15.88,15.88,49.13,49.13,61.12,61.12,1.9998565560895487,-62.1,144.1,2.0332859981701903,0.4601226993865031,45.5,45.5,9.2,9.2,37.4,37.4,49.0,49.0,60.8,60.8,-,D,719.0
719,-,5,H,H,I,16.119999999999997,0.7,"(False, 0.0)",V,720,84.0,89.03,89.03,2.03,2.03,87.07,87.07,1.96,1.96,87.0,87.0,2.3850675527062903,-61.1,-39.9,2.0022926596017934,0.5915492957746479,58.6,58.6,4.9,4.9,75.7,75.7,5.3,5.3,78.8,78.8,H,V,720.0
720,e,30,H,H,I,14.14,0.2571428571428571,"(False, 0.0)",Q,721,167.0,155.91,155.91,8.02,8.02,55.21,55.21,100.7,100.7,147.89,147.89,1.999503973752769,-63.1,-46.0,1.752937410938586,0.8434343434343434,87.2,87.2,19.1,19.1,117.5,117.5,76.4,76.4,108.1,108.1,H,Q,721.0
721,-,20,H,H,I,14.368,-0.5,"(False, 0.0)",A,722,23.0,26.21,26.21,6.48,6.48,25.72,25.72,0.49,0.49,19.73,19.73,1.999610267680089,-62.3,-46.6,2.21234235581763,0.2169811320754717,24.1,24.1,14.7,14.7,36.2,36.2,1.3,1.3,30.4,30.4,H,A,722.0
722,-,0,H,H,I,11.948,0.5428571428571428,"(False, 0.0)",A,723,2.0,2.63,2.63,0.0,0.0,2.63,2.63,0.0,0.0,2.63,2.63,2.937173851439829,-59.5,-48.3,2.798976841846348,0.018867924528301886,2.4,2.4,0.0,0.0,3.7,3.7,0.0,0.0,4.1,4.1,H,A,723.0
723,-,5,H,H,I,13.338,0.48571428571428565,"(False, 0.0)",N,724,97.0,85.36,85.36,3.26,3.26,25.15,25.15,60.21,60.21,82.1,82.1,1.9997594922872572,-62.6,-39.5,1.7784255804213494,0.6178343949044586,58.9,58.9,7.8,7.8,60.5,60.5,58.2,58.2,79.3,79.3,H,N,724.0
724,e,40,H,H,I,15.318000000000001,0.48571428571428565,"(False, 0.0)",S,725,19.0,22.97,22.97,7.86,7.86,16.49,16.49,6.48,6.48,15.11,15.11,1.9997503456550525,-64.1,-45.2,2.01070714590892,0.14615384615384616,19.4,19.4,18.1,18.1,35.1,35.1,9.1,9.1,20.2,20.2,H,S,725.0
725,-,0,H,H,I,15.581999999999999,-0.27142857142857135,"(False, 0.0)",L,726,3.0,2.81,2.81,0.0,0.0,2.81,2.81,0.0,0.0,2.81,2.81,4.427083565798123,-59.2,-43.8,3.818830727355916,0.018292682926829267,1.6,1.6,0.0,0.0,2.0,2.0,0.0,0.0,2.0,2.0,H,L,726.0
726,-,0,H,H,I,15.581999999999999,-0.27142857142857146,"(False, 0.0)",L,727,32.0,34.7,34.7,3.36,3.36,31.64,31.64,3.07,3.07,31.34,31.34,2.364995753317136,-63.9,-49.2,2.188659608961101,0.1951219512195122,19.3,19.3,8.4,8.4,22.2,22.2,8.3,8.3,22.4,22.4,H,L,727.0
727,-,15,H,H,I,15.988,0.6285714285714284,"(False, 0.0)",N,728,78.0,76.2,76.2,7.5,7.5,24.24,24.24,51.96,51.96,68.7,68.7,1.999390537670238,-65.6,-48.3,2.006859630649556,0.4968152866242038,52.5,52.5,18.1,18.1,58.3,58.3,50.2,50.2,66.4,66.4,I,N,728.0
728,-,5,H,H,I,15.668000000000001,0.6857142857142858,"(False, 0.0)",N,729,0.0,0.44,0.44,0.0,0.0,0.0,0.0,0.44,0.44,0.44,0.44,3.4699570381870015,-65.2,-37.9,3.0626855439497764,0.0,0.3,0.3,0.0,0.0,0.0,0.0,0.4,0.4,0.4,0.4,I,N,729.0
729,-,0,H,H,I,12.068000000000001,-0.35714285714285726,"(False, 0.0)",A,730,2.0,1.39,1.39,1.39,1.39,0.0,0.0,1.39,1.39,0.0,0.0,3.766203961803937,-72.7,-59.0,3.3181311620741254,0.018867924528301886,1.3,1.3,3.2,3.2,0.0,0.0,3.7,3.7,0.0,0.0,I,A,730.0
730,-,0,H,H,I,12.394,-1.542857142857143,"(False, 0.0)",F,731,52.99999999999999,56.29,56.29,27.06,27.06,30.48,30.48,25.81,25.81,29.23,29.23,1.9998587867323705,-101.5,-21.2,2.1953314099889107,0.26903553299492383,28.2,28.2,70.4,70.4,18.5,18.5,73.9,73.9,18.1,18.1,I,F,731.0
731,e,35,C,T,I,12.686,-1.5428571428571427,"(False, 0.0)",G,732,10.0,11.32,11.32,11.32,11.32,7.77,7.77,3.55,3.55,0.0,0.0,1.9994816571002711,-87.7,-26.9,1.7586882743791958,0.11904761904761905,14.0,14.0,14.0,14.0,21.3,21.3,8.0,8.0,inf,inf,I,G,732.0
732,e,30,C,T,I,13.276,-0.4000000000000001,"(False, 0.0)",Q,733,53.99999999999999,55.6,55.6,1.82,1.82,9.75,9.75,45.84,45.84,53.77,53.77,3.0564124234154377,77.0,115.3,2.047037243845798,0.2727272727272727,31.1,31.1,4.3,4.3,20.8,20.8,34.8,34.8,39.3,39.3,I,Q,733.0
733,e,25,C,C,I,13.595999999999998,-0.7714285714285715,"(False, 0.0)",R,734,77.0,79.87,79.87,0.4,0.4,13.69,13.69,66.18,66.18,79.47,79.47,1.999526537674107,-108.9,120.2,2.3209069187088227,0.31048387096774194,33.5,33.5,1.0,1.0,18.7,18.7,40.1,40.1,40.5,40.5,E,R,734.0
734,e,30,E,E,I,14.809999999999999,-1.2714285714285716,"(False, 0.0)",Q,735,23.0,27.97,27.97,7.04,7.04,14.6,14.6,13.38,13.38,20.93,20.93,2.5668228825869384,-64.6,117.1,1.8734009133646503,0.11616161616161615,15.6,15.6,16.8,16.8,31.1,31.1,10.1,10.1,15.3,15.3,E,Q,735.0
735,-,0,E,E,I,15.074000000000002,-0.5714285714285714,"(False, 0.0)",I,736,26.0,25.93,25.93,25.1,25.1,1.98,1.98,23.95,23.95,0.83,0.83,1.9999894436634496,-89.4,-49.8,2.3924142944403366,0.15384615384615385,14.8,14.8,60.5,60.5,1.4,1.4,65.0,65.0,0.6,0.6,E,I,736.0
736,-,10,E,E,I,16.497999999999998,-0.2571428571428572,"(False, 0.0)",S,737,57.0,49.71,49.71,15.06,15.06,19.77,19.77,29.94,29.94,34.65,34.65,1.9994559106271133,179.1,-158.8,1.7396725825545427,0.4384615384615385,42.0,42.0,34.7,34.7,42.1,42.1,41.9,41.9,46.2,46.2,E,S,737.0
737,e,35,E,E,I,17.214,-0.11428571428571423,"(False, 0.0)",T,738,27.0,31.72,31.72,0.76,0.76,17.92,17.92,13.8,13.8,30.96,30.96,2.4914462548942433,-126.5,164.0,2.010473641939018,0.19014084507042253,22.6,22.6,1.8,1.8,24.1,24.1,20.9,20.9,31.4,31.4,E,T,738.0
738,-,0,E,E,I,15.824000000000002,0.15714285714285717,"(False, 0.0)",I,739,0.0,0.0,0.0,0.0,0.0,0.0,0.0,0.0,0.0,0.0,0.0,3.59074883713208,-145.6,172.2,3.8624683390705576,0.0,0.0,0.0,0.0,0.0,0.0,0.0,0.0,0.0,0.0,0.0,E,I,739.0
739,e,30,E,E,I,17.416,-0.21428571428571427,"(False, 0.0)",Y,740,73.0,71.63,71.63,0.0,0.0,47.96,47.96,23.67,23.67,71.63,71.63,2.493123712419707,-105.6,136.3,2.058373626552529,0.3288288288288289,33.4,33.4,0.0,0.0,36.0,36.0,29.2,29.2,40.8,40.8,E,Y,740.0
740,e,50,C,T,I,17.512,-0.6,"(False, 0.0)",Q,741,16.0,12.98,12.98,0.24,0.24,2.75,2.75,10.22,10.22,12.74,12.74,1.999683551580289,-146.6,131.0,2.1947908369449376,0.08080808080808081,7.3,7.3,0.6,0.6,5.9,5.9,7.8,7.8,9.3,9.3,E,Q,741.0
741,e,55,C,T,I,15.795999999999998,-1.0,"(False, 0.0)",P,742,107.0,110.89,110.89,14.6,14.6,107.42,107.42,3.47,3.47,96.29,96.29,1.9998801009940763,21.5,78.4,1.8338860213483024,0.7867647058823529,80.8,80.8,53.1,53.1,88.7,88.7,21.6,21.6,87.8,87.8,T,P,742.0
742,e,45,C,T,I,15.080000000000002,-1.8285714285714285,"(False, 0.0)",M,743,158.0,162.84,162.84,42.46,42.46,89.91,89.91,72.93,72.93,120.38,120.38,1.9995917629813464,76.9,-52.0,1.877755039668081,0.8404255319148937,84.3,84.3,101.1,101.1,76.4,76.4,96.6,96.6,79.7,79.7,T,M,743.0
743,e,45,C,C,I,15.795999999999998,-2.2,"(False, 0.0)",N,744,60.00000000000001,50.49,50.49,5.67,5.67,8.76,8.76,41.73,41.73,44.82,44.82,1.9998350652362304,-89.9,163.4,1.902598673880528,0.3821656050955414,34.8,34.8,13.7,13.7,21.1,21.1,40.3,40.3,43.3,43.3,E,N,744.0
744,e,40,E,E,I,15.452000000000002,-1.0999999999999999,"(False, 0.0)",Q,745,118.0,116.14,116.14,18.16,18.16,28.27,28.27,87.87,87.87,97.98,97.98,1.9993406532828717,-97.6,118.4,1.796548615603059,0.5959595959595959,64.9,64.9,43.2,43.2,60.2,60.2,66.6,66.6,71.6,71.6,E,Q,745.0
745,-,5,E,E,I,16.516,-0.2714285714285715,"(False, 0.0)",Y,746,6.0,6.59,6.59,1.39,1.39,5.03,5.03,1.56,1.56,5.21,5.21,1.9995613708241644,-119.2,-173.2,2.224531903128093,0.027027027027027032,3.1,3.1,3.6,3.6,3.8,3.8,1.9,1.9,3.0,3.0,E,Y,746.0
746,e,30,E,E,I,18.266000000000002,-0.27142857142857135,"(False, 0.0)",K,747,32.0,33.87,33.87,0.0,0.0,31.4,31.4,2.47,2.47,33.87,33.87,3.1842197453091137,-112.8,155.6,2.8161643695934684,0.15609756097560976,16.5,16.5,0.0,0.0,28.3,28.3,2.6,2.6,20.8,20.8,E,K,747.0
747,-,0,E,E,I,18.625999999999998,-0.27142857142857135,"(False, 0.0)",V,748,0.0,0.0,0.0,0.0,0.0,0.0,0.0,0.0,0.0,0.0,0.0,4.54184887012534,-113.2,125.1,4.497872275122443,0.0,0.0,0.0,0.0,0.0,0.0,0.0,0.0,0.0,0.0,0.0,E,V,748.0
748,-,10,E,E,I,17.733999999999998,0.8285714285714285,"(False, 0.0)",V,749,0.0,0.47,0.47,0.0,0.0,0.47,0.47,0.0,0.0,0.47,0.47,4.340816282612146,-123.4,129.2,3.8318927363061777,0.0,0.3,0.3,0.0,0.0,0.4,0.4,0.0,0.0,0.4,0.4,E,V,749.0
749,-,0,E,E,I,18.906,0.5142857142857143,"(False, 0.0)",M,750,0.0,0.0,0.0,0.0,0.0,0.0,0.0,0.0,0.0,0.0,0.0,5.517436555954949,-112.1,133.8,5.9970392656906055,0.0,0.0,0.0,0.0,0.0,0.0,0.0,0.0,0.0,0.0,0.0,E,M,750.0
750,-,20,E,E,I,16.927999999999997,0.8428571428571429,"(False, 0.0)",E,751,32.0,27.44,27.44,0.0,0.0,1.97,1.97,25.47,25.47,27.44,27.44,2.9868002378818286,-159.6,169.4,2.5458876860662696,0.16494845360824742,15.8,15.8,0.0,0.0,3.8,3.8,20.8,20.8,20.8,20.8,E,E,751.0
751,-,0,E,E,I,16.1,-0.39999999999999997,"(False, 0.0)",V,752,2.0,3.35,3.35,2.38,2.38,0.97,0.97,2.38,2.38,0.97,0.97,2.8280396085445334,-74.2,147.6,2.5994771067486333,0.014084507042253518,2.2,2.2,5.7,5.7,0.8,0.8,6.5,6.5,0.9,0.9,E,V,752.0
752,e,35,C,C,I,15.706,-1.1857142857142857,"(False, 0.0)",D,753,18.0,14.59,14.59,0.0,0.0,5.14,5.14,9.44,9.44,14.59,14.59,2.7166831114330887,-57.2,145.5,2.17558665690009,0.11042944785276074,10.2,10.2,0.0,0.0,12.1,12.1,9.4,9.4,14.5,14.5,-,D,753.0
753,e,55,H,T,I,16.598000000000003,-1.5571428571428572,"(False, 0.0)",P,754,86.0,94.47,94.47,3.94,3.94,93.79,93.79,0.67,0.67,90.52,90.52,1.9998006075304924,-48.0,-44.3,1.9463121739946467,0.6323529411764706,68.8,68.8,14.3,14.3,77.4,77.4,4.2,4.2,82.5,82.5,G,P,754.0
754,e,55,H,G,I,15.437999999999999,-1.5571428571428572,"(False, 0.0)",R,755,151.0,154.62,154.62,3.71,3.71,57.85,57.85,96.78,96.78,150.92,150.92,2.3085267090288597,-82.6,14.4,1.886752471516827,0.6088709677419355,64.9,64.9,8.8,8.8,79.1,79.1,58.7,58.7,76.9,76.9,G,R,755.0
755,-,25,H,H,I,15.991999999999999,-2.6571428571428575,"(False, 0.0)",Y,756,3.0,4.96,4.96,0.92,0.92,2.8,2.8,2.16,2.16,4.04,4.04,3.2472539486091416,-119.1,12.6,2.9343610554636883,0.013513513513513514,2.3,2.3,2.4,2.4,2.1,2.1,2.7,2.7,2.3,2.3,G,Y,756.0
756,-,25,C,H,I,14.842000000000002,-1.514285714285714,"(False, 0.0)",T,757,64.0,62.09,62.09,19.24,19.24,28.15,28.15,33.95,33.95,42.86,42.86,2.63455893783114,-141.4,18.8,2.197277764543913,0.4507042253521127,44.2,44.2,45.8,45.8,37.8,37.8,51.3,51.3,43.4,43.4,S,T,757.0
757,e,50,C,H,I,16.266,-1.4000000000000001,"(False, 0.0)",Q,758,148.0,138.9,138.9,34.18,34.18,44.86,44.86,94.04,94.04,104.72,104.72,1.9998315488524665,-80.9,-70.6,1.8018232105049257,0.7474747474747475,77.7,77.7,81.4,81.4,95.5,95.5,71.3,71.3,76.5,76.5,S,Q,758.0
758,e,35,C,C,I,14.553999999999998,-0.5,"(False, 0.0)",D,759,88.0,79.93,79.93,9.09,9.09,41.92,41.92,38.01,38.01,70.84,70.84,1.999698804167384,-90.6,169.9,1.6721777823200232,0.5398773006134969,56.0,56.0,21.5,21.5,98.7,98.7,37.9,37.9,70.5,70.5,S,D,759.0
759,-,10,H,H,I,13.7,0.2285714285714285,"(False, 0.0)",I,760,72.0,78.91,78.91,2.42,2.42,76.65,76.65,2.27,2.27,76.49,76.49,1.9996682562542358,-59.6,-33.9,2.204248861235064,0.4260355029585799,44.9,44.9,5.8,5.8,55.2,55.2,6.1,6.1,57.0,57.0,H,I,760.0
760,e,55,H,H,I,15.089999999999998,-0.17142857142857149,"(False, 0.0)",S,761,53.0,53.5,53.5,2.59,2.59,31.97,31.97,21.52,21.52,50.9,50.9,1.99977319589548,-69.9,-15.8,1.8596656708785544,0.4076923076923077,45.2,45.2,6.0,6.0,68.1,68.1,30.2,30.2,67.9,67.9,H,S,761.0
761,e,35,H,H,I,15.468,-0.22857142857142862,"(False, 0.0)",A,762,3.0,2.8,2.8,0.58,0.58,2.22,2.22,0.58,0.58,2.22,2.22,2.416552935856605,-72.0,-23.9,2.9067376009874315,0.02830188679245283,2.6,2.6,1.3,1.3,3.1,3.1,1.5,1.5,3.4,3.4,H,A,762.0
762,-,0,H,H,I,14.330000000000002,0.5428571428571428,"(False, 0.0)",L,763,35.0,35.16,35.16,0.07,0.07,35.16,35.16,0.0,0.0,35.09,35.09,4.424440476984472,-63.4,-35.0,3.4792120310436863,0.21341463414634146,19.6,19.6,0.2,0.2,24.7,24.7,0.0,0.0,25.1,25.1,H,L,763.0
763,e,40,H,T,I,15.686000000000002,0.29999999999999993,"(False, 0.0)",E,764,71.0,59.89,59.89,7.22,7.22,15.04,15.04,44.85,44.85,52.67,52.67,2.656725041236442,-68.7,-18.6,2.028224969330256,0.36597938144329895,34.4,34.4,17.2,17.2,29.1,29.1,36.6,36.6,39.8,39.8,T,E,764.0
764,e,40,C,T,I,17.346000000000004,1.0142857142857142,"(False, 0.0)",K,765,80.0,80.83,80.83,10.17,10.17,53.57,53.57,27.27,27.27,70.67,70.67,1.9996700314237341,-74.7,-16.1,1.9522765130641015,0.3902439024390244,39.4,39.4,24.2,24.2,48.2,48.2,29.0,29.0,43.4,43.4,T,K,765.0
765,-,0,C,C,I,17.380000000000003,1.4000000000000001,"(False, 0.0)",M,766,2.0,1.41,1.41,0.0,0.0,1.41,1.41,0.0,0.0,1.41,1.41,4.11742377696836,-92.4,150.0,5.012278259680215,0.010638297872340424,0.7,0.7,0.0,0.0,1.2,1.2,0.0,0.0,0.9,0.9,-,M,766.0
766,e,25,E,E,I,18.946,0.35714285714285704,"(False, 0.0)",F,767,40.0,36.64,36.64,0.69,0.69,36.0,36.0,0.64,0.64,35.95,35.95,5.334301794582048,-124.3,149.6,3.504165733534633,0.20304568527918784,18.3,18.3,1.8,1.8,21.8,21.8,1.8,1.8,22.3,22.3,E,F,767.0
767,-,0,E,C,I,18.368000000000002,0.35714285714285715,"(False, 0.0)",V,768,0.0,0.07,0.07,0.0,0.0,0.07,0.07,0.0,0.0,0.07,0.07,2.897173505220531,-120.3,145.3,3.264029470647929,0.0,0.0,0.0,0.0,0.0,0.1,0.1,0.0,0.0,0.1,0.1,E,V,768.0
768,e,35,C,C,I,17.682,0.41428571428571426,"(False, 0.0)",I,769,49.0,51.37,51.37,6.28,6.28,45.09,45.09,6.28,6.28,45.09,45.09,2.449628960044018,-92.6,135.4,1.9442936297378304,0.28994082840236685,29.2,29.2,15.1,15.1,32.5,32.5,17.0,17.0,33.6,33.6,E,I,769.0
769,-,15,C,C,I,16.436,0.08571428571428566,"(False, 0.0)",N,770,9.0,8.58,8.58,4.75,4.75,1.15,1.15,7.43,7.43,3.83,3.83,2.2573314309554733,-95.2,169.3,2.206210667337912,0.05732484076433121,5.9,5.9,11.4,11.4,2.8,2.8,7.2,7.2,3.7,3.7,-,N,770.0
770,e,50,C,T,I,12.801999999999998,-0.8714285714285713,"(False, 0.0)",N,771,125.0,119.16,119.16,34.85,34.85,37.19,37.19,81.97,81.97,84.3,84.3,1.9993764251704091,-76.8,16.4,1.7489779866417905,0.7961783439490446,82.2,82.2,83.9,83.9,89.5,89.5,79.2,79.2,81.5,81.5,T,N,771.0
771,e,60,C,T,I,11.664,-1.2142857142857142,"(False, 0.0)",E,772,136.0,127.67,127.67,36.23,36.23,50.07,50.07,77.59,77.59,91.43,91.43,1.9994547200706896,-106.8,2.0,1.7261404600359456,0.7010309278350515,73.3,73.3,86.3,86.3,96.9,96.9,63.4,63.4,69.2,69.2,T,E,772.0
772,e,40,C,S,I,11.4,-1.2142857142857142,"(False, 0.0)",G,773,64.0,63.35,63.35,63.35,63.35,29.26,29.26,34.09,34.09,0.0,0.0,1.999686709002004,84.0,8.8,1.7094928578750699,0.7619047619047619,78.1,78.1,78.1,78.1,80.3,80.3,76.3,76.3,inf,inf,S,G,773.0
773,e,40,C,C,I,13.116,-0.9428571428571428,"(False, 0.0)",K,774,121.0,122.69,122.69,4.88,4.88,83.65,83.65,39.04,39.04,117.81,117.81,1.9998731474283649,-93.9,144.3,2.0201554733668323,0.5902439024390244,59.9,59.9,11.6,11.6,75.3,75.3,41.6,41.6,72.3,72.3,-,K,774.0
774,e,25,E,E,I,13.888,0.09999999999999999,"(False, 0.0)",A,775,30.0,28.92,28.92,20.83,20.83,8.09,8.09,20.83,20.83,8.09,8.09,2.2916699381740457,-88.6,125.7,1.9291967432450867,0.2830188679245283,26.6,26.6,47.4,47.4,11.4,11.4,55.2,55.2,12.5,12.5,E,A,775.0
775,-,0,E,E,I,17.488,0.48571428571428565,"(False, 0.0)",I,776,23.0,22.6,22.6,0.0,0.0,22.6,22.6,0.0,0.0,22.6,22.6,2.4579436164022415,-110.6,126.7,3.012921312307742,0.13609467455621302,12.9,12.9,0.0,0.0,16.3,16.3,0.0,0.0,16.8,16.8,E,I,776.0
776,e,25,C,C,I,16.24,0.3571428571428572,"(False, 0.0)",P,777,36.0,40.29,40.29,0.0,0.0,40.29,40.29,0.0,0.0,40.29,40.29,3.2971119217994396,-73.3,147.9,2.753950221486651,0.2647058823529412,29.4,29.4,0.0,0.0,33.3,33.3,0.0,0.0,36.7,36.7,E,P,777.0
777,-,0,H,C,I,17.546,1.3142857142857143,"(False, 0.0)",L,778,1.0,2.43,2.43,0.02,0.02,2.43,2.43,0.0,0.0,2.42,2.42,4.528959078677451,-56.4,-36.5,4.8801388540479715,0.006097560975609756,1.4,1.4,0.0,0.0,1.7,1.7,0.0,0.0,1.7,1.7,G,L,778.0
778,e,30,H,G,I,17.226,1.3142857142857143,"(False, 0.0)",S,779,37.0,39.15,39.15,20.41,20.41,7.05,7.05,32.1,32.1,18.74,18.74,2.6458004185107424,-85.0,4.3,2.0831645076580334,0.2846153846153846,33.1,33.1,47.0,47.0,15.0,15.0,45.0,45.0,25.0,25.0,G,S,779.0
779,-,20,H,E,I,16.04,0.11428571428571423,"(False, 0.0)",Y,780,159.0,147.03,147.03,14.08,14.08,91.72,91.72,55.31,55.31,132.95,132.95,1.9995550319715127,-91.3,6.4,1.8261567982709133,0.7162162162162162,68.6,68.6,36.6,36.6,68.9,68.9,68.2,68.2,75.6,75.6,G,Y,780.0
780,-,0,E,E,I,14.902000000000001,0.21428571428571422,"(False, 0.0)",F,781,3.0,3.38,3.38,3.38,3.38,3.38,3.38,0.0,0.0,0.0,0.0,1.9995848596400063,-148.3,26.1,3.822765025165932,0.015228426395939087,1.7,1.7,8.8,8.8,2.1,2.1,0.0,0.0,0.0,0.0,S,F,781.0
781,-,0,E,E,I,17.342000000000002,-0.8285714285714285,"(False, 0.0)",A,782,10.0,10.51,10.51,9.01,9.01,1.5,1.5,9.01,9.01,1.5,1.5,2.417951866193893,-153.0,156.6,2.2637938916163365,0.09433962264150944,9.7,9.7,20.5,20.5,2.1,2.1,23.9,23.9,2.3,2.3,E,A,782.0
782,e,40,E,E,I,16.625999999999998,-0.942857142857143,"(False, 0.0)",K,783,125.0,125.29,125.29,1.44,1.44,76.36,76.36,48.94,48.94,123.85,123.85,1.9995003220581211,-137.6,163.0,2.2864885166463416,0.6097560975609756,61.1,61.1,3.4,3.4,68.7,68.7,52.1,52.1,76.0,76.0,E,K,783.0
783,-,0,E,E,I,16.152,-0.5000000000000001,"(False, 0.0)",W,784,60.0,58.87,58.87,6.94,6.94,42.94,42.94,15.93,15.93,51.93,51.93,2.5804681602987594,-144.4,141.1,1.9491569523946608,0.2643171806167401,23.6,23.6,16.3,16.3,22.9,22.9,25.8,25.8,25.1,25.1,E,W,784.0
784,e,35,E,E,I,16.152,-1.4000000000000001,"(False, 0.0)",Q,785,127.0,113.82,113.82,0.0,0.0,39.92,39.92,73.9,73.9,113.82,113.82,2.188594743051885,-145.1,145.0,2.070990686452528,0.6414141414141414,63.6,63.6,0.0,0.0,85.0,85.0,56.0,56.0,83.2,83.2,E,Q,785.0
785,e,40,E,E,I,15.574000000000002,-1.4,"(False, 0.0)",P,786,93.0,96.86,96.86,24.78,24.78,72.55,72.55,24.32,24.32,72.08,72.08,2.558592875585793,-87.8,129.7,1.9966043832502625,0.6838235294117647,70.6,70.6,90.1,90.1,59.9,59.9,151.1,151.1,65.7,65.7,E,P,786.0
786,e,40,C,E,I,13.540000000000001,-1.0714285714285716,"(False, 0.0)",A,787,46.0,49.73,49.73,7.58,7.58,48.84,48.84,0.88,0.88,42.14,42.14,1.99961635010028,-126.8,177.8,1.7976073699339896,0.4339622641509434,45.7,45.7,17.3,17.3,68.8,68.8,2.3,2.3,65.0,65.0,E,A,787.0
787,e,45,C,S,I,14.136000000000001,-0.4,"(False, 0.0)",N,788,120.0,111.88,111.88,25.15,25.15,17.85,17.85,94.04,94.04,86.73,86.73,2.316440409495974,-118.8,139.5,1.7908813213859567,0.7643312101910829,77.2,77.2,60.6,60.6,42.9,42.9,90.9,90.9,83.8,83.8,E,N,788.0
788,e,20,C,C,I,14.930000000000001,-0.01428571428571433,"(False, 0.0)",A,789,35.0,35.17,35.17,0.21,0.21,35.17,35.17,0.0,0.0,34.96,34.96,2.0001790744330017,-153.9,160.8,2.5376691405499856,0.330188679245283,32.3,32.3,0.5,0.5,49.5,49.5,0.0,0.0,54.0,54.0,E,A,789.0
789,-,20,C,C,I,14.524000000000001,0.8142857142857142,"(False, 0.0)",P,790,13.0,14.02,14.02,0.36,0.36,13.66,13.66,0.36,0.36,13.66,13.66,3.0616554511098726,-82.1,139.7,2.4053204973933417,0.09558823529411764,10.2,10.2,1.3,1.3,11.3,11.3,2.2,2.2,12.5,12.5,E,P,790.0
790,e,35,C,C,I,16.274,0.057142857142857065,"(False, 0.0)",L,791,18.0,22.22,22.22,0.49,0.49,21.72,21.72,0.49,0.49,21.72,21.72,3.487935192722801,-84.0,41.3,2.6496904864469992,0.1097560975609756,12.4,12.4,1.2,1.2,15.3,15.3,1.3,1.3,15.5,15.5,S,L,791.0
791,e,25,E,E,I,16.538,0.09999999999999999,"(False, 0.0)",S,792,12.0,13.92,13.92,5.26,5.26,1.52,1.52,12.4,12.4,8.66,8.66,2.595457954693773,169.4,117.5,2.9104382095758123,0.09230769230769233,11.8,11.8,12.1,12.1,3.2,3.2,17.4,17.4,11.6,11.6,-,S,792.0
792,-,0,E,E,I,15.789999999999997,-0.6571428571428573,"(False, 0.0)",V,793,23.0,23.79,23.79,3.1,3.1,23.08,23.08,0.7,0.7,20.69,20.69,3.935833854393186,-118.4,120.1,3.4784859961301047,0.1619718309859155,15.7,15.7,7.5,7.5,20.1,20.1,1.9,1.9,18.7,18.7,-,V,793.0
793,e,30,E,E,I,14.4,-0.4857142857142857,"(False, 0.0)",N,794,15.000000000000002,17.08,17.08,1.22,1.22,2.35,2.35,14.73,14.73,15.85,15.85,3.8321475355480903,-121.1,141.7,3.186662653256552,0.09554140127388536,11.8,11.8,2.9,2.9,5.6,5.6,14.2,14.2,15.3,15.3,E,N,794.0
794,-,25,E,E,I,13.185999999999998,-0.48571428571428565,"(False, 0.0)",H,795,19.0,21.05,21.05,0.51,0.51,17.35,17.35,3.7,3.7,20.54,20.54,3.301132396439265,-122.9,149.8,2.6554017135359866,0.1032608695652174,11.5,11.5,1.3,1.3,17.9,17.9,4.3,4.3,14.3,14.3,E,H,795.0
795,e,30,C,T,I,13.152000000000001,-0.4857142857142857,"(False, 0.0)",Q,796,7.0,7.72,7.72,0.0,0.0,2.64,2.64,5.08,5.08,7.72,7.72,3.2796988411847883,-125.4,120.4,2.4840850125638734,0.03535353535353535,4.3,4.3,0.0,0.0,5.6,5.6,3.9,3.9,5.6,5.6,B,Q,796.0
796,e,35,C,T,I,12.481999999999998,-0.8285714285714286,"(False, 0.0)",G,797,44.0,43.51,43.51,43.51,43.51,20.63,20.63,22.89,22.89,0.0,0.0,1.999502520413717,50.4,40.8,1.9173339782476424,0.5238095238095238,53.7,53.7,53.7,53.7,56.6,56.6,51.3,51.3,inf,inf,S,G,797.0
797,e,25,C,T,I,12.044,-0.07142857142857155,"(False, 0.0)",L,798,94.0,97.15,97.15,30.73,30.73,70.9,70.9,26.25,26.25,66.42,66.42,1.9997414029958729,66.8,40.7,2.033538390024417,0.573170731707317,54.1,54.1,77.3,77.3,49.8,49.8,70.7,70.7,47.5,47.5,S,L,798.0
798,e,25,C,C,I,11.453999999999999,0.2714285714285714,"(False, 0.0)",S,799,23.0,24.99,24.99,3.55,3.55,20.17,20.17,4.82,4.82,21.44,21.44,1.9996650017969184,-150.1,145.7,1.9955152842560715,0.17692307692307693,21.1,21.1,8.2,8.2,43.0,43.0,6.7,6.7,28.6,28.6,S,S,799.0
799,-,25,E,E,I,12.668,0.6714285714285715,"(False, 0.0)",A,800,22.0,22.72,22.72,1.03,1.03,21.69,21.69,1.03,1.03,21.69,21.69,2.3721084053252697,-65.4,144.4,2.8175084840944717,0.2075471698113208,20.9,20.9,2.3,2.3,30.5,30.5,2.7,2.7,33.5,33.5,E,A,800.0
800,-,10,E,E,I,11.542,1.3714285714285717,"(False, 0.0)",A,801,11.0,10.46,10.46,9.41,9.41,1.05,1.05,9.41,9.41,1.05,1.05,5.132355182816168,-147.7,161.3,4.739455022440799,0.10377358490566037,9.6,9.6,21.4,21.4,1.5,1.5,24.9,24.9,1.6,1.6,E,A,801.0
801,-,0,E,E,I,13.928,0.7142857142857142,"(False, 0.0)",S,802,4.0,5.66,5.66,0.0,0.0,5.66,5.66,0.0,0.0,5.66,5.66,5.442051676381809,-134.3,150.1,5.338583995732421,0.030769230769230767,4.8,4.8,0.0,0.0,12.0,12.0,0.0,0.0,7.6,7.6,E,S,802.0
802,-,15,E,E,I,13.522,1.2285714285714289,"(False, 0.0)",T,803,27.0,30.2,30.2,0.0,0.0,29.45,29.45,0.76,0.76,30.2,30.2,2.8638497579315905,-112.4,139.8,2.77590536641578,0.19014084507042253,21.5,21.5,0.0,0.0,39.6,39.6,1.1,1.1,30.6,30.6,E,T,803.0
803,-,0,E,E,I,15.181999999999999,0.4714285714285714,"(False, 0.0)",I,804,2.0,1.56,1.56,0.18,0.18,1.38,1.38,0.18,0.18,1.38,1.38,3.3215035858157997,-126.9,135.7,3.892016847706477,0.01183431952662722,0.9,0.9,0.4,0.4,1.0,1.0,0.5,0.5,1.0,1.0,E,I,804.0
804,-,15,E,E,I,15.852,0.7571428571428571,"(False, 0.0)",S,805,19.0,22.98,22.98,1.13,1.13,10.92,10.92,12.06,12.06,21.85,21.85,2.608718183584389,-120.0,141.3,2.0234453619827293,0.14615384615384616,19.4,19.4,2.6,2.6,23.3,23.3,16.9,16.9,29.2,29.2,E,S,805.0
805,-,0,E,E,I,16.978,0.642857142857143,"(False, 0.0)",F,806,1.0,1.42,1.42,0.42,0.42,1.03,1.03,0.39,0.39,1.01,1.01,2.172678257209232,-154.8,131.1,3.732537450351204,0.005076142131979695,0.7,0.7,1.1,1.1,0.6,0.6,1.1,1.1,0.6,0.6,E,F,806.0
806,e,25,E,E,I,16.183999999999997,0.6428571428571427,"(False, 0.0)",N,807,38.0,41.69,41.69,0.0,0.0,14.32,14.32,27.37,27.37,41.69,41.69,2.5817805520389325,-108.2,137.0,2.21238715593554,0.2420382165605096,28.7,28.7,0.0,0.0,34.5,34.5,26.5,26.5,40.3,40.3,E,N,807.0
807,-,10,C,C,I,17.444,-0.0571428571428572,"(False, 0.0)",L,808,41.0,44.82,44.82,5.72,5.72,39.1,39.1,5.72,5.72,39.1,39.1,2.452168541176724,-55.4,156.4,2.0842347505543914,0.25,25.0,25.0,14.4,14.4,27.5,27.5,15.4,15.4,28.0,28.0,-,L,808.0
808,e,40,C,C,I,14.163999999999998,-0.5000000000000001,"(False, 0.0)",P,809,25.0,24.14,24.14,3.35,3.35,23.1,23.1,1.05,1.05,20.79,20.79,1.9999451447709184,-88.9,116.3,2.0669862657404465,0.18382352941176472,17.6,17.6,12.2,12.2,19.1,19.1,6.5,6.5,19.0,19.0,-,P,809.0
809,e,55,C,T,I,14.741999999999999,-1.0142857142857145,"(False, 0.0)",T,810,142.0,146.64,146.64,33.63,33.63,82.31,82.31,64.33,64.33,113.01,113.01,1.9993508726362321,-29.1,102.1,1.8131347151849733,1.0,104.3,104.3,80.1,80.1,110.6,110.6,97.3,97.3,114.6,114.6,T,T,810.0
810,e,50,C,T,I,12.355999999999998,0.02857142857142852,"(False, 0.0)",G,811,56.0,52.22,52.22,52.22,52.22,26.4,26.4,25.81,25.81,0.0,0.0,1.99942727536898,105.0,6.2,1.7096591842623277,0.6666666666666666,64.4,64.4,64.4,64.4,72.5,72.5,57.8,57.8,inf,inf,T,G,811.0
811,e,30,C,C,I,13.15,-0.6285714285714287,"(False, 0.0)",K,812,123.0,118.42,118.42,6.27,6.27,59.64,59.64,58.79,58.79,112.15,112.15,1.9996108818857008,-92.8,-117.5,1.9013724558902487,0.6,57.8,57.8,14.9,14.9,53.7,53.7,62.6,62.6,68.8,68.8,S,K,812.0
812,e,40,C,C,I,11.89,-0.9,"(False, 0.0)",S,813,6.0,8.4,8.4,1.71,1.71,6.78,6.78,1.63,1.63,6.69,6.69,1.9998187032163672,-154.3,158.1,2.2348194551396614,0.04615384615384616,7.1,7.1,3.9,3.9,14.4,14.4,2.3,2.3,8.9,8.9,-,S,813.0
813,-,10,H,H,I,13.545999999999998,-0.5428571428571428,"(False, 0.0)",L,814,43.0,40.3,40.3,1.26,1.26,39.14,39.14,1.16,1.16,39.05,39.05,2.6316739723528344,-65.9,-35.7,2.0159175999290166,0.2621951219512195,22.4,22.4,3.2,3.2,27.5,27.5,3.1,3.1,27.9,27.9,H,L,814.0
814,e,25,H,H,I,12.703999999999999,-0.6,"(False, 0.0)",S,815,39.0,44.41,44.41,15.45,15.45,26.23,26.23,18.18,18.18,28.96,28.96,1.999663762851069,-62.4,-46.0,1.7518549916407709,0.3,37.5,37.5,35.6,35.6,55.9,55.9,25.5,25.5,38.7,38.7,H,S,815.0
815,e,35,H,H,I,12.703999999999999,0.21428571428571427,"(False, 0.0)",D,816,84.0,71.81,71.81,7.81,7.81,26.47,26.47,45.34,45.34,64.0,64.0,1.99949591238806,-66.8,-38.7,1.732825723644954,0.5153374233128835,50.3,50.3,18.5,18.5,62.3,62.3,45.2,45.2,63.7,63.7,H,D,816.0
816,-,0,H,H,I,10.724,0.5857142857142856,"(False, 0.0)",A,817,1.0,0.66,0.66,0.66,0.66,0.16,0.16,0.5,0.5,0.0,0.0,1.9995971761387532,-60.6,-32.7,2.733361442216076,0.009433962264150943,0.6,0.6,1.5,1.5,0.2,0.2,1.3,1.3,0.0,0.0,H,A,817.0
817,-,5,H,H,I,11.129999999999999,0.6857142857142857,"(False, 0.0)",S,818,15.0,18.38,18.38,0.0,0.0,10.62,10.62,7.76,7.76,18.38,18.38,2.7832118483608013,-63.4,-36.3,2.344621117863817,0.1153846153846154,15.5,15.5,0.0,0.0,22.6,22.6,10.9,10.9,24.5,24.5,H,S,818.0
818,e,45,H,H,I,13.074000000000002,0.29999999999999993,"(False, 0.0)",A,819,39.0,43.82,43.82,5.56,5.56,41.72,41.72,2.1,2.1,38.26,38.26,1.999522413856509,-62.1,-29.8,1.85517196064066,0.3679245283018868,40.3,40.3,12.7,12.7,58.8,58.8,5.6,5.6,59.0,59.0,H,A,819.0
819,-,25,H,H,I,13.11,0.1571428571428571,"(False, 0.0)",A,820,0.0,0.0,0.0,0.0,0.0,0.0,0.0,0.0,0.0,0.0,0.0,3.863744068577879,-62.4,-41.3,3.2746677184348334,0.0,0.0,0.0,0.0,0.0,0.0,0.0,0.0,0.0,0.0,0.0,H,A,820.0
820,-,0,H,H,I,14.072,0.15714285714285708,"(False, 0.0)",I,821,4.0,5.51,5.51,0.0,0.0,5.51,5.51,0.0,0.0,5.51,5.51,3.1580002618203125,-64.8,-40.0,2.7235572404623465,0.02366863905325444,3.1,3.1,0.0,0.0,4.0,4.0,0.0,0.0,4.1,4.1,H,I,821.0
821,e,35,H,H,I,14.072,0.5428571428571429,"(False, 0.0)",D,822,84.0,75.43,75.43,10.49,10.49,29.56,29.56,45.87,45.87,64.94,64.94,1.999940297170288,-55.7,-41.1,1.7246902994146016,0.5153374233128835,52.8,52.8,24.8,24.8,69.6,69.6,45.7,45.7,64.6,64.6,H,D,822.0
822,e,50,H,H,I,15.022,0.1857142857142857,"(False, 0.0)",R,823,135.0,128.45,128.45,5.02,5.02,50.2,50.2,78.25,78.25,123.43,123.43,1.999595659978868,-62.8,-41.2,1.8291325269469405,0.5443548387096774,53.9,53.9,12.0,12.0,68.6,68.6,47.4,47.4,62.9,62.9,H,R,823.0
823,-,15,H,H,I,13.896,-0.5714285714285715,"(False, 0.0)",A,824,4.0,3.01,3.01,2.77,2.77,2.58,2.58,0.43,0.43,0.24,0.24,1.9995667496272436,-65.1,-36.2,2.4761941079032312,0.03773584905660377,2.8,2.8,6.3,6.3,3.6,3.6,1.1,1.1,0.4,0.4,H,A,824.0
824,-,0,H,H,I,14.45,-0.6714285714285714,"(False, 0.0)",M,825,53.0,54.31,54.31,13.03,13.03,38.31,38.31,16.0,16.0,41.28,41.28,2.668443369750765,-57.4,-7.8,2.12769066129087,0.2819148936170213,28.1,28.1,31.0,31.0,32.6,32.6,21.2,21.2,27.3,27.3,T,M,825.0
825,e,50,H,H,I,15.873999999999999,-0.22857142857142868,"(False, 0.0)",T,826,51.0,53.66,53.66,6.06,6.06,52.71,52.71,0.94,0.94,47.6,47.6,1.9995590343303304,-79.5,171.3,2.0846680373405726,0.3591549295774648,38.2,38.2,14.4,14.4,70.8,70.8,1.4,1.4,48.3,48.3,T,T,826.0
826,e,55,H,H,I,14.254,1.0142857142857142,"(False, 0.0)",Q,827,167.0,159.28,159.28,20.27,20.27,62.2,62.2,97.08,97.08,139.02,139.02,1.999504900892778,-58.2,-9.0,1.753014036036122,0.8434343434343434,89.1,89.1,48.3,48.3,132.4,132.4,73.6,73.6,101.6,101.6,T,Q,827.0
827,-,15,C,C,I,15.318000000000001,0.5285714285714286,"(False, 0.0)",L,828,113.0,116.7,116.7,12.83,12.83,108.36,108.36,8.34,8.34,103.87,103.87,1.9994573072305557,-60.2,-43.7,1.954829791241096,0.6890243902439024,65.0,65.0,32.2,32.2,76.1,76.1,22.4,22.4,74.3,74.3,T,L,828.0
828,e,60,C,C,I,15.65,0.14285714285714293,"(False, 0.0)",G,829,0.0,0.0,0.0,0.0,0.0,0.0,0.0,0.0,0.0,0.0,0.0,3.1064853995947272,-128.8,-3.3,3.5425578036822967,0.0,0.0,0.0,0.0,0.0,0.0,0.0,0.0,0.0,inf,inf,T,G,829.0
829,-,10,C,C,I,14.654,0.14285714285714285,"(False, 0.0)",V,830,22.0,22.2,22.2,6.69,6.69,15.52,15.52,6.69,6.69,15.52,15.52,3.300220124105952,-91.1,147.4,2.4161438971282543,0.15492957746478872,14.6,14.6,16.1,16.1,13.5,13.5,18.1,18.1,14.0,14.0,-,V,830.0
830,e,35,C,C,I,13.527999999999997,1.242857142857143,"(False, 0.0)",P,831,32.0,35.51,35.51,7.08,7.08,35.51,35.51,0.0,0.0,28.43,28.43,1.9997404134239298,-95.4,120.8,2.2839528973079952,0.2352941176470588,25.9,25.9,25.7,25.7,29.3,29.3,0.0,0.0,25.9,25.9,-,P,831.0
831,e,60,C,T,I,17.162,0.05714285714285716,"(False, 0.0)",S,832,112.0,105.19,105.19,25.88,25.88,43.91,43.91,61.28,61.28,79.31,79.31,1.9996212777791629,-62.0,142.3,1.7395793556124497,0.8615384615384616,88.9,88.9,59.6,59.6,93.5,93.5,85.8,85.8,105.8,105.8,T,S,832.0
832,e,45,C,T,I,15.703999999999999,0.05714285714285729,"(False, 0.0)",T,833,117.0,108.41,108.41,35.02,35.02,59.36,59.36,49.05,49.05,73.39,73.39,1.999409474616616,122.3,-30.2,1.7767351421316049,0.8239436619718309,77.1,77.1,83.5,83.5,79.7,79.7,74.2,74.2,74.4,74.4,T,T,833.0
833,-,5,E,C,I,12.898000000000001,-0.6571428571428573,"(False, 0.0)",V,834,12.0,10.68,10.68,10.54,10.54,0.14,0.14,10.54,10.54,0.14,0.14,2.3919557444073525,-98.4,137.2,2.45064152619948,0.08450704225352113,7.0,7.0,25.4,25.4,0.1,0.1,28.6,28.6,0.1,0.1,-,V,834.0
834,e,35,E,E,I,12.898,-0.0285714285714286,"(False, 0.0)",R,835,160.0,154.74,154.74,1.62,1.62,69.51,69.51,85.23,85.23,153.12,153.12,1.999593580661725,-121.0,-179.0,2.0943619643815903,0.6451612903225806,65.0,65.0,3.9,3.9,95.0,95.0,51.7,51.7,78.1,78.1,E,R,835.0
835,-,5,E,E,I,13.704000000000002,0.34285714285714286,"(False, 0.0)",G,836,21.0,21.66,21.66,21.66,21.66,8.82,8.82,12.83,12.83,0.0,0.0,1.9995626895022884,-134.5,166.0,1.7095850721171288,0.25,26.7,26.7,26.7,26.7,24.2,24.2,28.7,28.7,inf,inf,E,G,836.0
836,e,35,E,E,I,11.690000000000001,0.38571428571428573,"(False, 0.0)",S,837,39.0,37.79,37.79,8.8,8.8,14.93,14.93,22.86,22.86,29.0,29.0,1.999591742408222,-140.9,135.2,1.7944252588793068,0.3,31.9,31.9,20.3,20.3,31.8,31.8,32.0,32.0,38.7,38.7,E,S,837.0
837,-,10,E,E,I,9.514,-0.31428571428571433,"(False, 0.0)",F,838,54.0,63.91,63.91,10.25,10.25,53.72,53.72,10.19,10.19,53.66,53.66,2.319158188580356,-67.5,144.3,1.9865548485775442,0.27411167512690354,32.0,32.0,26.7,26.7,32.6,32.6,29.2,29.2,33.2,33.2,E,F,838.0
838,e,35,C,E,I,11.988,0.5857142857142856,"(False, 0.0)",A,839,10.0,12.17,12.17,0.0,0.0,12.17,12.17,0.0,0.0,12.17,12.17,2.559007378123726,-154.0,167.2,2.4664513148007834,0.09433962264150944,11.2,11.2,0.0,0.0,17.1,17.1,0.0,0.0,18.8,18.8,-,A,839.0
839,-,20,C,S,I,12.394,0.14285714285714285,"(False, 0.0)",G,840,3.0,2.8,2.8,2.8,2.8,1.88,1.88,0.92,0.92,0.0,0.0,1.9996137290408933,52.1,-133.8,2.7642092829884395,0.03571428571428571,3.5,3.5,3.5,3.5,5.2,5.2,2.1,2.1,inf,inf,H,G,840.0
840,e,35,C,H,I,11.324000000000002,0.857142857142857,"(False, 0.0)",T,841,15.0,13.39,13.39,0.57,0.57,12.82,12.82,0.57,0.57,12.82,12.82,2.7298659662034823,-54.1,-41.4,2.5783176281388904,0.1056338028169014,9.5,9.5,1.4,1.4,17.2,17.2,0.9,0.9,13.0,13.0,H,T,841.0
841,-,10,H,H,I,13.338,0.8571428571428571,"(False, 0.0)",A,842,10.0,11.84,11.84,11.48,11.48,9.43,9.43,2.41,2.41,0.36,0.36,1.9993480525547316,-62.8,-46.9,2.00264848968312,0.09433962264150944,10.9,10.9,26.1,26.1,13.3,13.3,6.4,6.4,0.6,0.6,H,A,842.0
842,e,40,H,H,I,16.618000000000002,0.0999999999999999,"(False, 0.0)",Q,843,48.0,45.53,45.53,0.0,0.0,9.96,9.96,35.57,35.57,45.53,45.53,3.9110335078764473,-62.6,-40.8,2.7140995832435397,0.24242424242424246,25.5,25.5,0.0,0.0,21.2,21.2,27.0,27.0,33.3,33.3,H,Q,843.0
843,e,40,H,H,I,16.354000000000003,-0.3428571428571429,"(False, 0.0)",V,844,17.0,14.32,14.32,0.09,0.09,14.32,14.32,0.0,0.0,14.23,14.23,3.191603089391413,-56.8,-43.1,2.86491128907567,0.11971830985915492,9.4,9.4,0.2,0.2,12.4,12.4,0.0,0.0,12.9,12.9,H,V,844.0
844,-,10,H,H,I,16.767999999999997,-0.3428571428571429,"(False, 0.0)",F,845,37.0,33.86,33.86,0.74,0.74,33.86,33.86,0.0,0.0,33.12,33.12,2.4661391759119007,-84.3,-22.5,2.242220691991557,0.18781725888324874,16.9,16.9,1.9,1.9,20.5,20.5,0.0,0.0,20.5,20.5,H,F,845.0
845,e,40,H,H,I,17.032000000000004,-0.3285714285714286,"(False, 0.0)",Q,846,82.0,80.16,80.16,13.31,13.31,17.23,17.23,62.93,62.93,66.85,66.85,1.999759129897024,-61.2,-41.8,1.7984532011098215,0.4141414141414141,44.8,44.8,31.7,31.7,36.7,36.7,47.7,47.7,48.9,48.9,H,Q,846.0
846,e,50,H,H,I,15.968,-0.3285714285714287,"(False, 0.0)",E,847,90.0,88.54,88.54,37.15,37.15,37.55,37.55,50.98,50.98,51.39,51.39,1.9997738968033971,-68.4,-44.4,1.7715349486498588,0.4639175257731959,50.8,50.8,88.5,88.5,72.6,72.6,41.6,41.6,38.9,38.9,H,E,847.0
847,-,10,H,H,I,14.572,-1.042857142857143,"(False, 0.0)",T,848,20.0,20.37,20.37,5.45,5.45,19.96,19.96,0.41,0.41,14.92,14.92,1.999804739263039,-107.8,56.2,2.2014610491707534,0.14084507042253522,14.5,14.5,13.0,13.0,26.8,26.8,0.6,0.6,15.1,15.1,S,T,848.0
848,-,15,H,H,I,13.575999999999999,-1.9428571428571428,"(False, 0.0)",M,849,113.0,116.02,116.02,13.56,13.56,74.74,74.74,41.28,41.28,102.47,102.47,1.9998061167162688,-64.3,166.7,1.8297975250723024,0.6010638297872339,60.1,60.1,32.3,32.3,63.5,63.5,54.7,54.7,67.8,67.8,-,M,849.0
849,e,40,H,H,I,13.751999999999999,-0.8428571428571429,"(False, 0.0)",N,850,63.0,67.25,67.25,20.26,20.26,13.23,13.23,54.02,54.02,46.99,46.99,2.3147444757351625,-50.5,110.3,2.124668384220762,0.4012738853503185,46.4,46.4,48.8,48.8,31.8,31.8,52.2,52.2,45.4,45.4,-,N,850.0
850,e,30,H,H,I,14.912,0.2999999999999998,"(False, 0.0)",S,851,23.0,23.47,23.47,5.65,5.65,19.46,19.46,4.01,4.01,17.82,17.82,1.9997675862659043,-91.6,5.7,2.282439548938973,0.17692307692307693,19.8,19.8,13.0,13.0,41.4,41.4,5.6,5.6,23.8,23.8,-,S,851.0
851,-,0,H,H,I,15.941999999999998,0.9428571428571428,"(False, 0.0)",Q,852,33.0,31.08,31.08,1.66,1.66,1.9,1.9,29.18,29.18,29.42,29.42,3.4569222006989957,-57.2,-36.7,2.573070977392653,0.16666666666666666,17.4,17.4,3.9,3.9,4.0,4.0,22.1,22.1,21.5,21.5,H,Q,852.0
852,-,5,H,H,T,17.657999999999998,1.3142857142857143,"(False, 0.0)",V,853,90.0,91.01,91.01,1.51,1.51,90.86,90.86,0.16,0.16,89.5,89.5,1.9995014244128417,-65.9,-42.4,1.987815521975596,0.6338028169014085,59.9,59.9,3.6,3.6,78.9,78.9,0.4,0.4,81.0,81.0,H,V,853.0
853,-,10,H,H,T,20.044,2.457142857142857,"(False, 0.0)",I,854,99.0,99.99,99.99,1.16,1.16,99.99,99.99,0.0,0.0,98.83,98.83,1.999700064210311,-66.7,-40.7,2.161786121575869,0.5857988165680473,56.9,56.9,2.8,2.8,72.0,72.0,0.0,0.0,73.6,73.6,H,I,854.0
854,-,0,H,H,T,21.433999999999997,2.8285714285714287,"(False, 0.0)",L,855,2.0,2.84,2.84,1.67,1.67,2.84,2.84,0.0,0.0,1.17,1.17,4.811308213470396,-54.2,-52.5,5.498334107180368,0.012195121951219513,1.6,1.6,4.2,4.2,2.0,2.0,0.0,0.0,0.8,0.8,H,L,855.0
855,-,5,H,H,T,19.419999999999998,3.585714285714286,"(False, 0.0)",I,856,35.0,37.2,37.2,0.16,0.16,37.2,37.2,0.0,0.0,37.04,37.04,3.04547744997694,-63.6,-45.7,2.65651823224412,0.20710059171597636,21.2,21.2,0.4,0.4,26.8,26.8,0.0,0.0,27.6,27.6,H,I,856.0
856,-,5,H,H,T,17.439999999999998,3.6285714285714286,"(False, 0.0)",I,857,116.0,118.91,118.91,2.28,2.28,117.13,117.13,1.78,1.78,116.63,116.63,1.9994855219789929,-62.3,-47.2,2.013493320595484,0.6863905325443787,67.7,67.7,5.5,5.5,84.3,84.3,4.8,4.8,86.9,86.9,H,I,857.0
857,-,10,H,H,T,17.439999999999998,3.242857142857143,"(False, 0.0)",A,858,30.0,27.71,27.71,6.0,6.0,27.18,27.18,0.53,0.53,21.72,21.72,1.9995046129956344,-66.3,-43.7,1.9251432271445816,0.2830188679245283,25.5,25.5,13.6,13.6,38.3,38.3,1.4,1.4,33.5,33.5,H,A,858.0
858,-,10,H,H,T,15.459999999999999,2.6,"(False, 0.0)",A,859,4.0,2.8,2.8,0.22,0.22,2.8,2.8,0.0,0.0,2.58,2.58,4.140444581469011,-64.7,-42.3,4.438789402762369,0.03773584905660377,2.6,2.6,0.5,0.5,3.9,3.9,0.0,0.0,4.0,4.0,H,A,859.0
859,-,15,H,H,T,14.333999999999998,2.557142857142857,"(False, 0.0)",I,860,57.0,54.66,54.66,1.0,1.0,54.55,54.55,0.12,0.12,53.66,53.66,2.7460792602916144,-64.4,-40.0,2.301328771679695,0.3372781065088757,31.1,31.1,2.4,2.4,39.3,39.3,0.3,0.3,40.0,40.0,H,I,860.0
860,-,20,H,H,T,16.348000000000003,1.7285714285714289,"(False, 0.0)",A,861,45.0,44.0,44.0,6.53,6.53,43.56,43.56,0.44,0.44,37.47,37.47,1.9997424073472525,-60.4,-46.3,1.9658982846009656,0.4245283018867925,40.5,40.5,14.9,14.9,61.3,61.3,1.2,1.2,57.8,57.8,H,A,861.0
861,-,20,H,H,T,17.654,2.1142857142857143,"(False, 0.0)",T,862,44.0,44.6,44.6,0.78,0.78,43.86,43.86,0.74,0.74,43.82,43.82,2.1682321831161033,-63.9,-40.3,2.08684589184004,0.30985915492957744,31.7,31.7,1.9,1.9,58.9,58.9,1.1,1.1,44.4,44.4,H,T,862.0
862,-,15,H,H,T,17.653999999999996,2.457142857142857,"(False, 0.0)",V,863,2.0,2.58,2.58,0.0,0.0,2.58,2.58,0.0,0.0,2.58,2.58,4.027142398299726,-63.9,-41.8,4.398350559934459,0.014084507042253518,1.7,1.7,0.0,0.0,2.2,2.2,0.0,0.0,2.3,2.3,H,V,863.0
863,-,20,H,H,T,19.668,2.3571428571428568,"(False, 0.0)",Y,864,97.0,88.8,88.8,0.78,0.78,62.24,62.24,26.56,26.56,88.03,88.03,3.159227436472848,-59.5,-46.3,2.0715661311810454,0.4369369369369369,41.5,41.5,2.0,2.0,46.8,46.8,32.7,32.7,50.1,50.1,H,Y,864.0
864,-,20,H,H,T,20.794,2.042857142857143,"(False, 0.0)",I,865,120.0,119.69,119.69,10.2,10.2,115.13,115.13,4.55,4.55,109.48,109.48,1.9994828717127944,-62.3,-45.8,2.034324641517673,0.7100591715976331,68.1,68.1,24.6,24.6,82.9,82.9,12.3,12.3,81.6,81.6,H,I,865.0
865,-,20,H,H,T,17.159999999999997,2.7857142857142856,"(False, 0.0)",V,866,24.0,21.92,21.92,0.94,0.94,21.92,21.92,0.0,0.0,20.99,20.99,1.9994248490037312,-75.9,-16.3,2.1400939413373794,0.16901408450704225,14.4,14.4,2.3,2.3,19.0,19.0,0.0,0.0,19.0,19.0,H,V,866.0
866,-,15,H,H,T,17.833999999999996,2.7285714285714286,"(False, 0.0)",L,867,0.0,0.0,0.0,0.0,0.0,0.0,0.0,0.0,0.0,0.0,0.0,3.7194187523030133,-93.8,-15.4,4.3235807003190345,0.0,0.0,0.0,0.0,0.0,0.0,0.0,0.0,0.0,0.0,0.0,H,L,867.0
867,-,15,H,H,T,17.834,2.7285714285714286,"(False, 0.0)",G,868,16.0,15.88,15.88,15.88,15.88,12.65,12.65,3.24,3.24,0.0,0.0,1.9995205262361089,-70.4,-36.5,1.87364164582339,0.19047619047619047,19.6,19.6,19.6,19.6,34.7,34.7,7.2,7.2,inf,inf,H,G,868.0
868,-,15,H,H,T,17.125999999999998,1.5857142857142856,"(False, 0.0)",I,869,125.0,133.01,133.01,19.91,19.91,118.25,118.25,14.76,14.76,113.1,113.1,1.999651295071958,-70.5,-38.4,1.8869961231988064,0.7396449704142012,75.7,75.7,48.0,48.0,85.2,85.2,40.1,40.1,84.3,84.3,H,I,869.0
869,-,25,H,H,T,15.559999999999999,0.8714285714285713,"(False, 0.0)",L,870,33.0,38.41,38.41,26.68,26.68,15.72,15.72,22.69,22.69,11.74,11.74,1.9997503793212013,-61.2,-44.0,1.9725146977377916,0.201219512195122,21.4,21.4,67.1,67.1,11.0,11.0,61.1,61.1,8.4,8.4,H,L,870.0
870,-,15,H,H,T,16.774,0.14285714285714282,"(False, 0.0)",Y,871,13.999999999999998,14.63,14.63,14.4,14.4,3.6,3.6,11.04,11.04,0.23,0.23,1.9997051257708869,-99.9,-1.8,2.9332337717898405,0.06306306306306306,6.8,6.8,37.5,37.5,2.7,2.7,13.6,13.6,0.1,0.1,H,Y,871.0
871,e,40,H,H,T,16.1,0.7999999999999999,"(False, 0.0)",E,872,168.0,155.57,155.57,18.95,18.95,62.76,62.76,92.82,92.82,136.63,136.63,1.9993604788856445,55.9,49.8,1.7451866819217408,0.865979381443299,89.3,89.3,45.1,45.1,121.4,121.4,75.8,75.8,103.4,103.4,T,E,872.0
872,-,30,H,H,T,16.134,-0.29999999999999993,"(False, 0.0)",S,873,30.0,28.61,28.61,17.38,17.38,13.68,13.68,14.94,14.94,11.23,11.23,1.999623380585832,-164.2,166.4,1.7396455650239695,0.2307692307692308,24.2,24.2,40.0,40.0,29.1,29.1,20.9,20.9,15.0,15.0,S,S,873.0
873,-,15,H,H,T,15.266,-1.0714285714285716,"(False, 0.0)",Y,874,172.0,166.81,166.81,3.51,3.51,116.32,116.32,50.49,50.49,163.31,163.31,1.9996529931135718,-114.8,-23.2,1.8246584733256492,0.7747747747747747,77.9,77.9,9.1,9.1,87.4,87.4,62.2,62.2,92.9,92.9,S,Y,874.0
874,e,35,C,H,T,16.038,-0.3428571428571429,"(False, 0.0)",V,875,22.0,24.4,24.4,0.0,0.0,24.4,24.4,0.0,0.0,24.4,24.4,2.1969437458546475,-85.9,-48.5,2.562491502481701,0.15492957746478872,16.1,16.1,0.0,0.0,21.2,21.2,0.0,0.0,22.1,22.1,S,V,875.0
875,-,25,C,H,O,18.424,0.05714285714285713,"(False, 0.0)",H,876,29.0,29.84,29.84,0.11,0.11,27.43,27.43,2.41,2.41,29.73,29.73,3.9700366397351954,-57.0,-34.8,2.9447610913630173,0.15760869565217392,16.3,16.3,0.3,0.3,28.3,28.3,2.8,2.8,20.7,20.7,T,H,876.0
876,-,10,C,H,O,17.972,0.8142857142857142,"(False, 0.0)",P,877,0.0,0.0,0.0,0.0,0.0,0.0,0.0,0.0,0.0,0.0,0.0,4.618574943549908,-61.1,-25.6,3.802822641007797,0.0,0.0,0.0,0.0,0.0,0.0,0.0,0.0,0.0,0.0,0.0,T,P,877.0
877,-,5,E,E,O,17.938,1.542857142857143,"(False, 0.0)",L,878,73.0,74.09,74.09,2.48,2.48,71.6,71.6,2.48,2.48,71.6,71.6,2.085563939851064,-62.7,-28.9,2.1664531010547594,0.4451219512195122,41.3,41.3,6.2,6.2,50.3,50.3,6.7,6.7,51.2,51.2,H,L,878.0
878,-,10,E,E,O,19.479999999999997,0.8285714285714285,"(False, 0.0)",T,879,1.0,0.18,0.18,0.0,0.0,0.18,0.18,0.0,0.0,0.18,0.18,3.459909933755404,-60.8,-28.0,4.321274018116399,0.007042253521126761,0.1,0.1,0.0,0.0,0.2,0.2,0.0,0.0,0.2,0.2,H,T,879.0
879,-,5,E,E,O,17.887999999999998,1.1857142857142857,"(False, 0.0)",I,880,0.0,0.0,0.0,0.0,0.0,0.0,0.0,0.0,0.0,0.0,0.0,5.065290501684716,-97.2,-32.4,5.505451401460982,0.0,0.0,0.0,0.0,0.0,0.0,0.0,0.0,0.0,0.0,0.0,H,I,880.0
880,-,5,E,E,O,16.762,1.957142857142857,"(False, 0.0)",L,881,33.0,30.69,30.69,6.7,6.7,24.55,24.55,6.14,6.14,23.99,23.99,2.1259040532036675,-63.8,-38.3,2.1210298433546644,0.201219512195122,17.1,17.1,16.8,16.8,17.2,17.2,16.5,16.5,17.2,17.2,H,L,881.0
881,-,15,E,E,O,17.887999999999998,1.1857142857142857,"(False, 0.0)",S,882,27.0,29.51,29.51,13.67,13.67,24.77,24.77,4.73,4.73,15.84,15.84,1.9997090029929696,-60.8,-6.7,2.213990514906212,0.2076923076923077,24.9,24.9,31.5,31.5,52.8,52.8,6.6,6.6,21.1,21.1,T,S,882.0
882,-,20,E,E,O,17.093999999999998,1.1714285714285715,"(False, 0.0)",T,883,0.0,0.64,0.64,0.17,0.17,0.64,0.64,0.0,0.0,0.48,0.48,4.4400758308362365,-89.7,2.8,4.847783497221871,0.0,0.5,0.5,0.4,0.4,0.9,0.9,0.0,0.0,0.5,0.5,T,T,883.0
883,-,20,H,H,O,14.707999999999998,0.7857142857142857,"(False, 0.0)",L,884,24.0,23.15,23.15,0.05,0.05,23.1,23.1,0.05,0.05,23.1,23.1,3.0183249725356927,-71.6,-47.8,2.6970198926283864,0.14634146341463414,12.9,12.9,0.1,0.1,16.2,16.2,0.1,0.1,16.5,16.5,H,L,884.0
884,-,25,H,H,O,15.113999999999999,0.1857142857142857,"(False, 0.0)",P,885,21.0,20.15,20.15,0.0,0.0,20.15,20.15,0.0,0.0,20.15,20.15,2.9385892883208613,-67.0,-30.7,3.0393140120746542,0.15441176470588236,14.7,14.7,0.0,0.0,16.6,16.6,0.0,0.0,18.4,18.4,H,P,885.0
885,-,25,H,H,O,12.639999999999999,0.9000000000000001,"(False, 0.0)",S,886,0.0,0.65,0.65,0.0,0.0,0.33,0.33,0.32,0.32,0.65,0.65,4.225149153233221,-63.2,-41.0,4.373824206135174,0.0,0.5,0.5,0.0,0.0,0.7,0.7,0.4,0.4,0.9,0.9,H,S,886.0
886,-,25,H,H,O,12.674000000000001,0.9428571428571428,"(False, 0.0)",A,887,1.0,1.03,1.03,0.0,0.0,1.03,1.03,0.0,0.0,1.03,1.03,7.106861544650535,-63.7,-44.0,6.524168996711095,0.009433962264150943,1.0,1.0,0.0,0.0,1.5,1.5,0.0,0.0,1.6,1.6,H,A,887.0
887,-,20,H,H,O,9.867999999999999,0.6571428571428571,"(False, 0.0)",G,888,3.0,2.45,2.45,2.45,2.45,2.3,2.3,0.15,0.15,0.0,0.0,4.942552028936934,-65.4,-41.5,5.624738283318356,0.03571428571428571,3.0,3.0,3.0,3.0,6.3,6.3,0.3,0.3,inf,inf,H,G,888.0
888,-,25,H,H,O,10.274000000000001,1.4285714285714286,"(False, 0.0)",V,889,9.0,7.71,7.71,0.0,0.0,7.71,7.71,0.0,0.0,7.71,7.71,4.119788865836818,-60.5,-44.3,3.3957412421557116,0.06338028169014084,5.1,5.1,0.0,0.0,6.7,6.7,0.0,0.0,7.0,7.0,H,V,889.0
889,-,15,H,H,O,12.254,2.085714285714286,"(False, 0.0)",G,890,1.0,1.18,1.18,1.18,1.18,0.68,0.68,0.5,0.5,0.0,0.0,1.999567970824526,-69.9,-33.6,2.2125526427879065,0.011904761904761904,1.5,1.5,1.5,1.5,1.9,1.9,1.1,1.1,inf,inf,H,G,890.0
890,-,20,H,H,O,15.854,2.085714285714286,"(False, 0.0)",A,891,1.0,0.5,0.5,0.02,0.02,0.5,0.5,0.0,0.0,0.49,0.49,4.17907817168475,-63.8,-45.3,4.445345762990795,0.009433962264150943,0.5,0.5,0.0,0.0,0.7,0.7,0.0,0.0,0.7,0.7,H,A,891.0
891,-,20,H,H,O,13.839999999999998,2.685714285714286,"(False, 0.0)",L,892,4.0,3.03,3.03,0.0,0.0,3.03,3.03,0.0,0.0,3.03,3.03,4.452981786547307,-66.9,-44.6,4.286756874645222,0.024390243902439025,1.7,1.7,0.0,0.0,2.1,2.1,0.0,0.0,2.2,2.2,H,L,892.0
892,-,15,H,H,O,17.439999999999998,1.5857142857142854,"(False, 0.0)",L,893,70.0,68.29,68.29,0.33,0.33,68.29,68.29,0.0,0.0,67.96,67.96,1.9994754417232683,-58.5,-46.3,2.077445682965772,0.4268292682926829,38.0,38.0,0.8,0.8,48.0,48.0,0.0,0.0,48.6,48.6,H,L,893.0
893,-,10,H,H,O,17.854,2.185714285714286,"(False, 0.0)",A,894,14.0,13.26,13.26,4.89,4.89,12.69,12.69,0.58,0.58,8.38,8.38,1.9997488452807288,-64.5,-44.9,2.3181151595587317,0.1320754716981132,12.2,12.2,11.1,11.1,17.9,17.9,1.5,1.5,12.9,12.9,H,A,894.0
894,-,10,H,H,T,17.854000000000003,2.3285714285714287,"(False, 0.0)",L,895,4.0,2.63,2.63,0.0,0.0,2.63,2.63,0.0,0.0,2.63,2.63,4.115289937833238,-64.7,-47.0,4.0844819378382216,0.024390243902439025,1.5,1.5,0.0,0.0,1.8,1.8,0.0,0.0,1.9,1.9,H,L,895.0
895,-,20,H,H,T,17.534,1.2857142857142858,"(False, 0.0)",E,896,64.0,60.69,60.69,13.59,13.59,22.18,22.18,38.5,38.5,47.09,47.09,1.99978405722816,-62.0,-43.2,1.8934836274721765,0.32989690721649484,34.8,34.8,32.4,32.4,42.9,42.9,31.4,31.4,35.6,35.6,H,E,896.0
896,-,15,H,H,T,17.798000000000002,1.0,"(False, 0.0)",L,897,136.0,140.25,140.25,31.2,31.2,112.77,112.77,27.48,27.48,109.05,109.05,1.9996181199072565,-71.0,-16.6,1.8954850183714869,0.8292682926829268,78.1,78.1,78.4,78.4,79.2,79.2,74.0,74.0,78.0,78.0,H,L,897.0
897,-,25,C,T,T,15.818000000000001,0.5142857142857142,"(False, 0.0)",F,898,118.0,117.14,117.14,25.37,25.37,98.06,98.06,19.08,19.08,91.76,91.76,1.9998513309766632,-102.5,-1.5,1.909085967910242,0.5989847715736041,58.6,58.6,66.0,66.0,59.4,59.4,54.6,54.6,56.8,56.8,H,F,898.0
898,e,35,C,T,T,16.589999999999996,0.3714285714285714,"(False, 0.0)",N,899,154.0,141.88,141.88,30.6,30.6,37.65,37.65,104.22,104.22,111.28,111.28,1.9995175457832253,78.0,18.6,1.7748690637638966,0.9808917197452228,97.8,97.8,73.7,73.7,90.6,90.6,100.7,100.7,107.5,107.5,T,N,899.0
899,e,30,C,C,T,16.27,0.7571428571428571,"(False, 0.0)",A,900,12.0,11.04,11.04,4.92,4.92,10.04,10.04,1.0,1.0,6.12,6.12,1.9993610393897137,-95.6,137.3,1.7978485980720433,0.11320754716981132,10.2,10.2,11.2,11.2,14.1,14.1,2.6,2.6,9.4,9.4,-,A,900.0
900,e,40,C,C,T,14.204000000000002,0.757142857142857,"(False, 0.0)",P,901,18.0,20.81,20.81,0.05,0.05,20.81,20.81,0.0,0.0,20.76,20.76,2.233166188740857,-91.3,169.9,2.612531723045844,0.1323529411764706,15.2,15.2,0.2,0.2,17.2,17.2,0.0,0.0,18.9,18.9,-,P,901.0
901,-,15,C,C,T,15.919999999999998,0.9999999999999999,"(False, 0.0)",F,902,7.999999999999999,10.37,10.37,0.41,0.41,10.18,10.18,0.19,0.19,9.95,9.95,4.5864520012042735,-69.4,120.4,3.3274395001321464,0.04060913705583756,5.2,5.2,1.1,1.1,6.2,6.2,0.5,0.5,6.2,6.2,B,F,902.0
902,-,25,C,C,T,17.9,1.757142857142857,"(False, 0.0)",S,903,3.0,3.31,3.31,3.19,3.19,3.19,3.19,0.11,0.11,0.11,0.11,6.218720566793102,-156.4,177.4,6.225392251218951,0.02307692307692308,2.8,2.8,7.4,7.4,6.8,6.8,0.2,0.2,0.2,0.2,-,S,903.0
903,-,5,H,H,T,16.714,2.042857142857143,"(False, 0.0)",L,904,11.0,10.66,10.66,5.06,5.06,7.43,7.43,3.23,3.23,5.61,5.61,7.849826546796397,-57.2,-47.4,7.636216480075312,0.06707317073170732,5.9,5.9,12.7,12.7,5.2,5.2,8.7,8.7,4.0,4.0,H,L,904.0
904,-,15,H,H,T,17.034,2.914285714285714,"(False, 0.0)",I,905,0.0,0.0,0.0,0.0,0.0,0.0,0.0,0.0,0.0,0.0,0.0,8.412941502630646,-58.7,-35.7,7.703826977292726,0.0,0.0,0.0,0.0,0.0,0.0,0.0,0.0,0.0,0.0,0.0,H,I,905.0
905,-,10,H,H,T,19.419999999999998,2.4571428571428577,"(False, 0.0)",A,906,1.0,0.73,0.73,0.0,0.0,0.73,0.73,0.0,0.0,0.73,0.73,7.587454921946273,-64.2,-48.8,7.141333235137952,0.009433962264150943,0.7,0.7,0.0,0.0,1.0,1.0,0.0,0.0,1.1,1.1,H,A,906.0
906,-,20,H,H,T,15.819999999999999,3.2142857142857144,"(False, 0.0)",L,907,11.0,12.57,12.57,0.11,0.11,12.57,12.57,0.0,0.0,12.46,12.46,5.760394211204356,-62.7,-42.8,5.482275296054585,0.06707317073170732,7.0,7.0,0.3,0.3,8.8,8.8,0.0,0.0,8.9,8.9,H,L,907.0
907,-,10,H,H,T,15.819999999999999,2.9428571428571426,"(False, 0.0)",I,908,0.0,0.19,0.19,0.16,0.16,0.06,0.06,0.13,0.13,0.04,0.04,9.40591435679344,-60.6,-43.8,9.922337422357025,0.0,0.1,0.1,0.4,0.4,0.0,0.0,0.4,0.4,0.0,0.0,H,I,908.0
908,-,10,H,H,T,16.77,2.8428571428571425,"(False, 0.0)",G,909,0.0,0.0,0.0,0.0,0.0,0.0,0.0,0.0,0.0,0.0,0.0,9.950881472728437,-66.0,-34.7,9.288795558795897,0.0,0.0,0.0,0.0,0.0,0.0,0.0,0.0,0.0,inf,inf,H,G,909.0
909,-,10,H,H,T,16.77,3.1285714285714286,"(False, 0.0)",I,910,12.0,9.05,9.05,0.0,0.0,9.05,9.05,0.0,0.0,9.05,9.05,6.255550026548012,-63.6,-44.6,5.582262359073652,0.07100591715976333,5.2,5.2,0.0,0.0,6.5,6.5,0.0,0.0,6.7,6.7,H,I,910.0
910,-,10,H,H,T,16.77,3.2285714285714286,"(False, 0.0)",M,911,2.0,1.15,1.15,0.0,0.0,0.85,0.85,0.3,0.3,1.15,1.15,7.586951564179325,-61.9,-41.1,7.34812039255823,0.010638297872340424,0.6,0.6,0.0,0.0,0.7,0.7,0.4,0.4,0.8,0.8,H,M,911.0
911,-,10,H,H,T,20.369999999999997,2.5285714285714285,"(False, 0.0)",L,912,1.0,0.32,0.32,0.04,0.04,0.32,0.32,0.0,0.0,0.28,0.28,10.691389108380914,-81.7,1.5,10.766728432963092,0.006097560975609756,0.2,0.2,0.1,0.1,0.2,0.2,0.0,0.0,0.2,0.2,H,L,912.0
912,-,10,H,H,T,16.77,3.2285714285714286,"(False, 0.0)",L,913,1.0,0.29,0.29,0.0,0.0,0.29,0.29,0.0,0.0,0.29,0.29,9.327580327434452,-99.9,-42.7,8.397362674300284,0.006097560975609756,0.2,0.2,0.0,0.0,0.2,0.2,0.0,0.0,0.2,0.2,H,L,913.0
913,-,10,H,H,T,17.8,3.185714285714286,"(False, 0.0)",I,914,9.0,5.97,5.97,0.01,0.01,5.97,5.97,0.0,0.0,5.96,5.96,5.943141019513796,-59.3,-51.3,5.430813245438519,0.05325443786982249,3.4,3.4,0.0,0.0,4.3,4.3,0.0,0.0,4.4,4.4,H,I,914.0
914,-,5,H,H,T,17.834,2.357142857142857,"(False, 0.0)",G,915,0.0,0.28,0.28,0.28,0.28,0.04,0.04,0.25,0.25,0.0,0.0,7.937110428257358,-52.7,-54.7,8.034100672377559,0.0,0.4,0.4,0.4,0.4,0.1,0.1,0.6,0.6,inf,inf,H,G,915.0
915,-,10,H,H,T,16.695999999999998,1.2571428571428573,"(False, 0.0)",I,916,3.0,1.26,1.26,0.22,0.22,1.03,1.03,0.22,0.22,1.03,1.03,10.312510073956464,-63.1,-40.0,9.519101099994597,0.017751479289940832,0.7,0.7,0.5,0.5,0.7,0.7,0.6,0.6,0.8,0.8,H,I,916.0
916,-,10,H,H,T,15.557999999999998,0.21428571428571436,"(False, 0.0)",V,917,4.0,5.81,5.81,1.36,1.36,5.01,5.01,0.79,0.79,4.45,4.45,8.325432930969589,-63.9,-39.8,7.94470071151443,0.028169014084507043,3.8,3.8,3.3,3.3,4.4,4.4,2.2,2.2,4.0,4.0,H,V,917.0
917,-,10,H,H,I,17.442,-0.1714285714285714,"(False, 0.0)",K,918,5.0,4.88,4.88,0.0,0.0,4.88,4.88,0.0,0.0,4.88,4.88,6.449011743550214,-61.7,-47.4,5.285276584517377,0.024390243902439025,2.4,2.4,0.0,0.0,4.4,4.4,0.0,0.0,3.0,3.0,H,K,918.0
918,e,30,H,H,I,15.462,0.5285714285714286,"(False, 0.0)",K,919,12.0,15.48,15.48,3.21,3.21,9.38,9.38,6.11,6.11,12.27,12.27,8.018423217520063,-60.2,-44.0,7.382461498097517,0.05853658536585366,7.6,7.6,7.6,7.6,8.4,8.4,6.5,6.5,7.5,7.5,H,K,919.0
919,-,10,H,H,I,15.427999999999997,0.15714285714285708,"(False, 0.0)",N,920,12.0,15.09,15.09,0.28,0.28,7.44,7.44,7.65,7.65,14.8,14.8,7.420295272262147,-62.6,-42.6,7.105750940250047,0.07643312101910828,10.4,10.4,0.7,0.7,17.9,17.9,7.4,7.4,14.3,14.3,H,N,920.0
920,-,0,H,H,I,15.536000000000001,-0.17142857142857143,"(False, 0.0)",A,921,4.0,6.1,6.1,5.62,5.62,5.05,5.05,1.05,1.05,0.48,0.48,7.788217491522426,-62.6,-32.0,7.389695223121143,0.03773584905660377,5.6,5.6,12.8,12.8,7.1,7.1,2.8,2.8,0.7,0.7,H,A,921.0
921,-,0,H,H,I,15.644,0.9857142857142858,"(False, 0.0)",I,922,1.0,1.3,1.3,0.0,0.0,1.3,1.3,0.0,0.0,1.3,1.3,5.10176628476512,-56.6,-45.1,4.734014056687861,0.005917159763313609,0.7,0.7,0.0,0.0,0.9,0.9,0.0,0.0,1.0,1.0,H,I,922.0
922,-,0,H,H,I,17.394,1.042857142857143,"(False, 0.0)",M,923,19.0,20.27,20.27,0.0,0.0,19.61,19.61,0.66,0.66,20.27,20.27,2.597576062344242,-67.6,-15.9,2.789341769934752,0.10106382978723404,10.5,10.5,0.0,0.0,16.7,16.7,0.9,0.9,13.4,13.4,H,M,923.0
923,-,0,H,H,I,17.43,1.9428571428571428,"(False, 0.0)",M,924,7.0,5.18,5.18,0.09,0.09,5.09,5.09,0.09,0.09,5.09,5.09,4.999149972081637,-81.2,-52.3,5.790649188387156,0.03723404255319149,2.7,2.7,0.2,0.2,4.3,4.3,0.1,0.1,3.4,3.4,H,M,924.0
924,-,0,H,H,I,17.11,1.942857142857143,"(False, 0.0)",V,925,1.0,0.9,0.9,0.26,0.26,0.9,0.9,0.0,0.0,0.64,0.64,5.693904670525688,-72.5,-39.6,5.482588077315228,0.007042253521126761,0.6,0.6,0.6,0.6,0.8,0.8,0.0,0.0,0.6,0.6,H,V,925.0
925,-,10,H,H,I,16.160000000000004,1.8428571428571427,"(False, 0.0)",D,926,47.0,46.64,46.64,0.9,0.9,1.22,1.22,45.42,45.42,45.73,45.73,2.3805953227503025,-59.5,-46.2,1.9785684402118795,0.2883435582822086,32.7,32.7,2.1,2.1,2.9,2.9,45.3,45.3,45.5,45.5,H,D,926.0
926,-,10,H,H,I,17.19,1.0714285714285714,"(False, 0.0)",F,927,89.0,89.04,89.04,3.43,3.43,86.82,86.82,2.22,2.22,85.61,85.61,2.0000293258198516,-62.7,-42.0,1.8696094336511488,0.4517766497461929,44.5,44.5,8.9,8.9,52.6,52.6,6.4,6.4,53.0,53.0,H,F,927.0
927,-,0,H,H,I,15.59,1.0571428571428572,"(False, 0.0)",A,928,0.0,0.31,0.31,0.0,0.0,0.31,0.31,0.0,0.0,0.31,0.31,3.018718950946003,-65.0,-39.8,3.5643986401488177,0.0,0.3,0.3,0.0,0.0,0.4,0.4,0.0,0.0,0.5,0.5,H,A,928.0
928,e,35,H,H,I,15.554000000000002,-0.04285714285714296,"(False, 0.0)",L,929,46.99999999999999,49.54,49.54,0.98,0.98,48.56,48.56,0.98,0.98,48.56,48.56,2.616410847124341,-63.0,-41.9,2.1350539136573503,0.2865853658536585,27.6,27.6,2.5,2.5,34.1,34.1,2.6,2.6,34.7,34.7,H,L,929.0
929,e,35,H,H,I,14.483999999999998,-0.1857142857142858,"(False, 0.0)",E,930,86.0,79.93,79.93,2.18,2.18,45.05,45.05,34.88,34.88,77.74,77.74,1.999533713772632,-59.7,-45.8,1.8300722050506648,0.4432989690721649,45.9,45.9,5.2,5.2,87.1,87.1,28.5,28.5,58.8,58.8,H,E,930.0
930,-,10,H,H,I,15.040000000000001,-1.0428571428571431,"(False, 0.0)",A,931,13.0,13.66,13.66,3.94,3.94,12.82,12.82,0.83,0.83,9.71,9.71,1.999543748069876,-61.9,-39.8,2.314089992194444,0.12264150943396225,12.6,12.6,9.0,9.0,18.1,18.1,2.2,2.2,15.0,15.0,H,A,931.0
931,-,25,H,H,I,13.498,-1.3571428571428572,"(False, 0.0)",Q,932,48.0,47.98,47.98,3.55,3.55,20.85,20.85,27.13,27.13,44.43,44.43,2.8322516903761783,-62.1,-30.4,2.122867230868467,0.24242424242424246,26.8,26.8,8.4,8.4,44.4,44.4,20.6,20.6,32.5,32.5,H,Q,932.0
932,e,60,H,H,I,11.464,-2.4,"(False, 0.0)",R,933,160.0,166.12,166.12,30.98,30.98,77.34,77.34,88.78,88.78,135.14,135.14,1.9996499250659592,-61.3,-27.1,1.8421722045938849,0.6451612903225806,69.7,69.7,73.8,73.8,105.7,105.7,53.8,53.8,68.9,68.9,H,R,933.0
933,e,60,C,T,I,11.728,-1.3571428571428572,"(False, 0.0)",H,934,118.0,118.07,118.07,27.13,27.13,70.54,70.54,47.53,47.53,90.94,90.94,1.9997771517404803,-68.6,-12.9,1.8689379807245758,0.6413043478260869,64.5,64.5,69.4,69.4,72.7,72.7,55.3,55.3,63.2,63.2,T,H,934.0
934,e,55,C,T,I,13.118,-1.7142857142857146,"(False, 0.0)",G,935,47.0,50.27,50.27,50.27,50.27,30.96,30.96,19.31,19.31,0.0,0.0,1.9997813571595335,87.3,-50.4,1.8223204401758604,0.5595238095238095,62.0,62.0,62.0,62.0,85.0,85.0,43.3,43.3,inf,inf,S,G,935.0
935,e,60,C,C,I,13.416,-1.4428571428571428,"(False, 0.0)",N,936,143.0,130.29,130.29,18.43,18.43,27.32,27.32,102.96,102.96,111.85,111.85,1.9996362961240384,-64.4,-43.3,1.7581664066723406,0.9108280254777071,89.8,89.8,44.4,44.4,65.8,65.8,99.5,99.5,108.1,108.1,S,N,936.0
936,-,25,C,C,I,14.163999999999998,-1.2999999999999996,"(False, 0.0)",L,937,46.99999999999999,52.64,52.64,0.0,0.0,52.64,52.64,0.0,0.0,52.64,52.64,2.6582772815248235,-68.3,110.7,2.369301420170121,0.2865853658536585,29.3,29.3,0.0,0.0,37.0,37.0,0.0,0.0,37.7,37.7,S,L,937.0
937,e,45,C,C,I,16.374,-1.342857142857143,"(False, 0.0)",T,938,57.0,62.1,62.1,0.88,0.88,54.98,54.98,7.12,7.12,61.22,61.22,1.9994350354841464,-79.4,165.6,2.462848132704049,0.4014084507042254,44.2,44.2,2.1,2.1,73.8,73.8,10.8,10.8,62.1,62.1,-,T,938.0
938,-,20,H,H,I,16.524,-1.0285714285714287,"(False, 0.0)",P,939,15.0,20.05,20.05,1.15,1.15,20.05,20.05,0.0,0.0,18.9,18.9,4.033350727032766,-54.9,-45.4,3.3690787866679406,0.11029411764705882,14.6,14.6,4.2,4.2,16.6,16.6,0.0,0.0,17.2,17.2,H,P,939.0
939,e,30,H,H,I,14.544,0.1142857142857144,"(False, 0.0)",Q,940,87.0,87.3,87.3,3.14,3.14,13.96,13.96,73.34,73.34,84.16,84.16,2.5672065321999598,-59.6,-39.2,2.0536844759973203,0.4393939393939394,48.8,48.8,7.5,7.5,29.7,29.7,55.6,55.6,61.5,61.5,H,Q,940.0
940,e,40,H,H,I,15.669999999999998,-0.0285714285714286,"(False, 0.0)",E,941,93.0,83.47,83.47,10.21,10.21,41.98,41.98,41.49,41.49,73.26,73.26,1.9997648730815676,-69.4,-47.9,1.7816016206625458,0.4793814432989691,47.9,47.9,24.3,24.3,81.2,81.2,33.9,33.9,55.4,55.4,H,E,941.0
941,-,0,H,H,I,16.144,-0.42857142857142855,"(False, 0.0)",A,942,0.0,0.32,0.32,0.0,0.0,0.32,0.32,0.0,0.0,0.32,0.32,3.5998001743641987,-61.9,-41.8,3.4236377078085347,0.0,0.3,0.3,0.0,0.0,0.4,0.4,0.0,0.0,0.5,0.5,H,A,942.0
942,-,0,H,H,I,16.144,0.0571428571428572,"(False, 0.0)",I,943,2.0,1.38,1.38,0.04,0.04,1.38,1.38,0.0,0.0,1.34,1.34,5.105762504526326,-59.1,-49.7,5.180984395539164,0.01183431952662722,0.8,0.8,0.1,0.1,1.0,1.0,0.0,0.0,1.0,1.0,H,I,943.0
943,-,25,H,H,I,15.729999999999999,0.9142857142857144,"(False, 0.0)",F,944,71.0,70.88,70.88,0.56,0.56,70.34,70.34,0.53,0.53,70.32,70.32,3.2458942444903998,-61.2,-44.7,2.43007133755278,0.3604060913705584,35.5,35.5,1.4,1.4,42.6,42.6,1.5,1.5,43.6,43.6,H,F,944.0
944,e,45,H,H,I,16.122,1.957142857142857,"(False, 0.0)",Q,945,86.0,77.39,77.39,0.0,0.0,22.04,22.04,55.35,55.35,77.39,77.39,2.593905014264433,-62.1,-42.0,2.0201475991147104,0.4343434343434344,43.3,43.3,0.0,0.0,46.9,46.9,42.0,42.0,56.6,56.6,H,Q,945.0
945,-,0,H,H,I,16.122,2.242857142857143,"(False, 0.0)",A,946,3.0,2.53,2.53,2.18,2.18,2.25,2.25,0.29,0.29,0.35,0.35,1.9993974295680508,-63.1,-47.3,2.627912694579119,0.02830188679245283,2.3,2.3,5.0,5.0,3.2,3.2,0.8,0.8,0.5,0.5,H,A,946.0
946,-,0,H,H,I,16.442,0.9571428571428571,"(False, 0.0)",C,947,1.0,0.55,0.55,0.0,0.0,0.33,0.33,0.22,0.22,0.55,0.55,5.6963943539311135,-62.4,-38.8,5.3350930775750784,0.007407407407407408,0.4,0.4,0.0,0.0,0.8,0.8,0.2,0.2,0.6,0.6,H,C,947.0
947,e,40,H,H,T,16.407999999999998,0.9571428571428571,"(False, 0.0)",L,948,55.0,59.79,59.79,4.2,4.2,55.59,55.59,4.2,4.2,55.59,55.59,3.1040985113130803,-58.5,-42.1,2.40978265941387,0.3353658536585366,33.3,33.3,10.6,10.6,39.0,39.0,11.3,11.3,39.8,39.8,H,L,948.0
948,e,35,H,H,T,18.068,0.8142857142857142,"(False, 0.0)",L,949,94.0,98.87,98.87,14.19,14.19,88.8,88.8,10.07,10.07,84.68,84.68,1.9994519629555831,-74.6,-17.6,1.9614641663033443,0.573170731707317,55.1,55.1,35.7,35.7,62.4,62.4,27.1,27.1,60.6,60.6,H,L,949.0
949,-,20,H,H,T,18.232,0.3285714285714284,"(False, 0.0)",R,950,27.0,26.83,26.83,0.0,0.0,0.01,0.01,26.81,26.81,26.83,26.83,3.326688860678292,-101.3,-15.7,3.02198202005352,0.10887096774193547,11.3,11.3,0.0,0.0,0.0,0.0,16.3,16.3,13.7,13.7,H,R,950.0
950,-,0,H,H,T,17.438,0.6142857142857142,"(False, 0.0)",F,951,22.0,23.02,23.02,0.0,0.0,23.02,23.02,0.0,0.0,23.02,23.02,3.6590773754632964,-57.6,-47.5,3.113045796318,0.1116751269035533,11.5,11.5,0.0,0.0,14.0,14.0,0.0,0.0,14.3,14.3,H,F,951.0
951,-,20,H,H,T,17.438,0.34285714285714264,"(False, 0.0)",R,952,54.0,59.77,59.77,0.0,0.0,30.02,30.02,29.75,29.75,59.77,59.77,2.7336401579219443,-63.2,-49.0,2.4063026454936067,0.21774193548387094,25.1,25.1,0.0,0.0,41.0,41.0,18.0,18.0,30.5,30.5,H,R,952.0
952,-,5,H,H,T,17.832,0.0714285714285713,"(False, 0.0)",P,953,12.0,14.73,14.73,1.72,1.72,13.28,13.28,1.45,1.45,13.01,13.01,3.318698753604421,-76.1,-32.5,2.873882707772085,0.08823529411764706,10.7,10.7,6.3,6.3,11.0,11.0,9.0,9.0,11.9,11.9,H,P,953.0
953,-,0,H,H,T,17.122000000000003,0.6142857142857141,"(False, 0.0)",I,954,4.0,3.76,3.76,0.18,0.18,3.76,3.76,0.0,0.0,3.58,3.58,5.613782281321551,-62.8,-44.9,5.451389191534048,0.02366863905325444,2.1,2.1,0.4,0.4,2.7,2.7,0.0,0.0,2.7,2.7,H,I,954.0
954,-,0,H,H,T,17.419999999999998,0.11428571428571432,"(False, 0.0)",M,955,36.0,35.93,35.93,0.0,0.0,35.7,35.7,0.24,0.24,35.93,35.93,3.1493387847111944,-62.4,-46.6,2.8957823183543474,0.1914893617021277,18.6,18.6,0.0,0.0,30.3,30.3,0.3,0.3,23.8,23.8,H,M,955.0
955,-,0,H,H,T,17.088,1.3,"(False, 0.0)",M,956,1.0,1.11,1.11,0.0,0.0,0.93,0.93,0.18,0.18,1.11,1.11,6.006026403256901,-59.6,-51.6,5.107936480637124,0.0053191489361702135,0.6,0.6,0.0,0.0,0.8,0.8,0.2,0.2,0.7,0.7,H,M,956.0
956,-,0,H,H,T,17.087999999999997,1.7857142857142858,"(True, 0.5873)",T,957,10.0,9.87,9.87,0.15,0.15,6.97,6.97,2.9,2.9,9.72,9.72,6.146554100544206,-68.0,-36.8,5.727189818290138,0.07042253521126761,7.0,7.0,0.4,0.4,9.4,9.4,4.4,4.4,9.9,9.9,H,T,957.0
957,-,5,H,H,T,16.137999999999998,1.4000000000000001,"(True, 0.8615)",T,958,2.0,2.03,2.03,0.18,0.18,2.03,2.03,0.0,0.0,1.85,1.85,3.9915590901496,-65.7,-46.2,3.545855397035664,0.014084507042253518,1.4,1.4,0.4,0.4,2.7,2.7,0.0,0.0,1.9,1.9,H,T,958.0
958,-,5,H,H,T,15.187999999999999,1.6714285714285713,"(False, 0.0)",L,959,30.0,30.66,30.66,0.0,0.0,30.66,30.66,0.0,0.0,30.66,30.66,3.680803310915184,-62.0,-40.1,3.2272407931672555,0.18292682926829268,17.1,17.1,0.0,0.0,21.5,21.5,0.0,0.0,21.9,21.9,H,L,959.0
959,-,0,H,H,T,16.314,1.8,"(False, 0.0)",A,960,0.0,0.02,0.02,0.0,0.0,0.02,0.02,0.0,0.0,0.02,0.02,5.723927129211067,-62.0,-46.1,6.103649227544707,0.0,0.0,0.0,0.0,0.0,0.0,0.0,0.0,0.0,0.0,0.0,H,A,960.0
960,-,5,H,H,T,17.119999999999997,1.842857142857143,"(False, 0.0)",A,961,9.0,7.88,7.88,6.62,6.62,2.73,2.73,5.15,5.15,1.26,1.26,6.908544035795312,-63.4,-43.7,6.646768130229518,0.08490566037735849,7.2,7.2,15.1,15.1,3.8,3.8,13.7,13.7,1.9,1.9,H,A,961.0
961,-,0,H,H,T,13.52,2.1999999999999997,"(False, 0.0)",L,962,20.0,18.7,18.7,0.07,0.07,18.7,18.7,0.0,0.0,18.63,18.63,4.26035028943489,-63.5,-48.3,3.2629327533759884,0.12195121951219512,10.4,10.4,0.2,0.2,13.1,13.1,0.0,0.0,13.3,13.3,H,L,962.0
962,-,5,H,H,T,13.52,2.1999999999999997,"(False, 0.0)",F,963,69.0,65.04,65.04,0.0,0.0,65.04,65.04,0.0,0.0,65.04,65.04,3.2528642439005084,-79.5,-20.0,2.469312299967389,0.350253807106599,32.5,32.5,0.0,0.0,39.4,39.4,0.0,0.0,40.3,40.3,H,F,963.0
963,-,0,H,H,T,15.5,1.714285714285714,"(False, 0.0)",G,964,3.0,3.57,3.57,3.57,3.57,2.94,2.94,0.63,0.63,0.0,0.0,4.848771215931524,-77.0,-16.0,4.9516840552236845,0.03571428571428571,4.4,4.4,4.4,4.4,8.1,8.1,1.4,1.4,inf,inf,H,G,964.0
964,-,5,H,H,T,14.706,2.0,"(False, 0.0)",A,965,5.0,4.34,4.34,1.61,1.61,4.17,4.17,0.17,0.17,2.73,2.73,5.699495142458623,-95.6,-14.8,5.2709463178147224,0.04716981132075472,4.0,4.0,3.7,3.7,5.9,5.9,0.5,0.5,4.2,4.2,H,A,965.0
965,-,5,H,H,T,15.026,2.057142857142857,"(False, 0.0)",L,966,56.99999999999999,58.37,58.37,0.61,0.61,58.06,58.06,0.3,0.3,57.76,57.76,2.657312974179047,-55.3,-39.7,2.2740619655154872,0.3475609756097561,32.5,32.5,1.5,1.5,40.8,40.8,0.8,0.8,41.3,41.3,H,L,966.0
966,-,10,H,H,T,18.660000000000004,2.2,"(False, 0.0)",P,967,14.0,13.18,13.18,10.99,10.99,11.18,11.18,1.99,1.99,2.18,2.18,1.9995981041785618,-62.4,-21.3,1.9668436806363183,0.10294117647058824,9.6,9.6,40.0,40.0,9.2,9.2,12.4,12.4,2.0,2.0,H,P,967.0
967,-,5,H,H,T,20.639999999999997,2.142857142857143,"(False, 0.0)",L,968,0.0,0.11,0.11,0.0,0.0,0.11,0.11,0.0,0.0,0.11,0.11,3.964380501847801,-78.3,-49.2,5.032767376380997,0.0,0.1,0.1,0.0,0.0,0.1,0.1,0.0,0.0,0.1,0.1,H,L,968.0
968,-,0,H,H,T,18.253999999999998,1.8285714285714287,"(False, 0.0)",V,969,11.0,10.83,10.83,4.79,4.79,6.04,6.04,4.79,4.79,6.04,6.04,3.2038497919053497,-63.9,-34.1,2.6053693190315896,0.07746478873239436,7.1,7.1,11.5,11.5,5.2,5.2,13.0,13.0,5.5,5.5,H,V,969.0
969,-,5,E,E,T,15.447999999999999,1.2285714285714289,"(False, 0.0)",L,970,136.0,141.43,141.43,34.8,34.8,113.16,113.16,28.27,28.27,106.62,106.62,1.9996122382029269,-105.6,23.0,2.014165156461735,0.8292682926829268,78.8,78.8,87.5,87.5,79.5,79.5,76.1,76.1,76.3,76.3,T,L,970.0
970,-,10,C,E,O,11.847999999999999,0.9571428571428572,"(False, 0.0)",S,971,20.0,20.86,20.86,18.7,18.7,10.37,10.37,10.49,10.49,2.15,2.15,1.9994658309719395,-84.1,164.4,2.067249009172361,0.15384615384615385,17.6,17.6,43.1,43.1,22.1,22.1,14.7,14.7,2.9,2.9,-,S,971.0
971,e,30,C,C,O,9.870000000000001,0.3571428571428571,"(False, 0.0)",G,972,32.0,37.67,37.67,37.67,37.67,30.03,30.03,7.64,7.64,0.0,0.0,1.9993987896800365,-118.3,-167.2,1.9458717321945045,0.3809523809523809,46.5,46.5,46.5,46.5,82.4,82.4,17.1,17.1,inf,inf,-,G,972.0
972,-,35,C,S,O,6.2700000000000005,-0.35714285714285715,"(False, 0.0)",G,973,16.0,19.49,19.49,19.49,19.49,8.88,8.88,10.61,10.61,0.0,0.0,1.999515904084341,63.0,-175.2,1.7740892429477115,0.19047619047619047,24.0,24.0,24.0,24.0,24.4,24.4,23.8,23.8,inf,inf,S,G,973.0
973,e,45,C,T,O,6.2700000000000005,-1.4000000000000001,"(False, 0.0)",D,974,12.0,8.9,8.9,3.57,3.57,2.84,2.84,6.06,6.06,5.32,5.32,1.9994751471071688,-56.4,136.9,2.122698674036152,0.0736196319018405,6.2,6.2,8.5,8.5,6.7,6.7,6.0,6.0,5.3,5.3,T,D,974.0
974,e,35,C,T,O,8.303999999999998,-0.7428571428571429,"(False, 0.0)",G,975,4.0,4.06,4.06,4.06,4.06,0.98,0.98,3.08,3.08,0.0,0.0,2.3433947344026422,79.3,0.7,2.415319653480947,0.047619047619047616,5.0,5.0,5.0,5.0,2.7,2.7,6.9,6.9,inf,inf,T,G,975.0
975,-,25,H,C,O,11.904,-1.3285714285714287,"(False, 0.0)",S,976,4.0,6.04,6.04,0.93,0.93,4.8,4.8,1.24,1.24,5.12,5.12,2.3465309646355794,-59.1,-37.5,2.1339714438797635,0.030769230769230767,5.1,5.1,2.1,2.1,10.2,10.2,1.7,1.7,6.8,6.8,H,S,976.0
976,e,45,H,H,O,12.424,-1.7714285714285716,"(False, 0.0)",E,977,72.0,65.28,65.28,2.3,2.3,11.55,11.55,53.73,53.73,62.98,62.98,1.999552675481966,-62.6,-12.5,2.000139583058908,0.3711340206185567,37.5,37.5,5.5,5.5,22.3,22.3,43.9,43.9,47.6,47.6,H,E,977.0
977,-,15,H,H,O,14.634,-1.5,"(False, 0.0)",L,978,3.0,2.63,2.63,0.0,0.0,2.63,2.63,0.0,0.0,2.63,2.63,5.02971808615704,-101.8,-34.1,5.251825974207468,0.018292682926829267,1.5,1.5,0.0,0.0,1.8,1.8,0.0,0.0,1.9,1.9,H,L,978.0
978,e,25,H,H,O,16.226,-0.9,"(False, 0.0)",R,979,2.0,1.02,1.02,0.0,0.0,0.96,0.96,0.06,0.06,1.02,1.02,5.683017109499089,-66.9,-45.0,4.799813933290936,0.008064516129032258,0.4,0.4,0.0,0.0,1.3,1.3,0.0,0.0,0.5,0.5,H,R,979.0
979,-,25,C,C,O,17.791999999999998,-0.8428571428571429,"(False, 0.0)",Q,980,66.0,64.2,64.2,0.0,0.0,5.45,5.45,58.75,58.75,64.2,64.2,3.0439427216367614,-63.0,-50.6,2.412003835248709,0.3333333333333333,35.9,35.9,0.0,0.0,11.6,11.6,44.6,44.6,46.9,46.9,H,Q,980.0
980,-,15,C,C,O,14.191999999999998,0.3,"(False, 0.0)",P,981,2.0,3.51,3.51,0.0,0.0,3.51,3.51,0.0,0.0,3.51,3.51,2.986826482504064,-65.2,-34.2,3.121982245759199,0.014705882352941175,2.6,2.6,0.0,0.0,2.9,2.9,0.0,0.0,3.2,3.2,H,P,981.0
981,-,0,H,E,O,15.615999999999996,-0.3428571428571429,"(False, 0.0)",L,982,0.0,0.0,0.0,0.0,0.0,0.0,0.0,0.0,0.0,0.0,0.0,6.578952474243684,-62.5,-46.3,7.736796813565034,0.0,0.0,0.0,0.0,0.0,0.0,0.0,0.0,0.0,0.0,0.0,H,L,982.0
982,-,0,E,E,O,15.88,0.942857142857143,"(False, 0.0)",G,983,0.0,0.0,0.0,0.0,0.0,0.0,0.0,0.0,0.0,0.0,0.0,5.701478222962307,-71.2,-42.6,5.222214924431949,0.0,0.0,0.0,0.0,0.0,0.0,0.0,0.0,0.0,inf,inf,H,G,983.0
983,-,5,E,E,O,16.674,2.042857142857143,"(False, 0.0)",I,984,5.0,5.65,5.65,0.0,0.0,5.65,5.65,0.0,0.0,5.65,5.65,2.9783223368227394,-61.0,-42.9,2.9221657545959068,0.02958579881656805,3.2,3.2,0.0,0.0,4.1,4.1,0.0,0.0,4.2,4.2,H,I,984.0
984,-,0,E,E,T,16.708,2.2142857142857144,"(False, 0.0)",T,985,0.0,0.0,0.0,0.0,0.0,0.0,0.0,0.0,0.0,0.0,0.0,5.548848980343234,-59.3,-51.5,6.1246619572281755,0.0,0.0,0.0,0.0,0.0,0.0,0.0,0.0,0.0,0.0,0.0,H,T,985.0
985,-,5,E,E,T,16.708,1.6142857142857143,"(False, 0.0)",I,986,4.0,2.96,2.96,0.0,0.0,2.96,2.96,0.0,0.0,2.96,2.96,6.1622835785451535,-71.8,-40.8,6.513429205110586,0.02366863905325444,1.7,1.7,0.0,0.0,2.1,2.1,0.0,0.0,2.2,2.2,H,I,986.0
986,-,10,E,E,T,13.107999999999999,2.2142857142857144,"(False, 0.0)",V,987,22.0,21.73,21.73,0.91,0.91,21.15,21.15,0.58,0.58,20.81,20.81,2.604729594143893,-63.9,-42.4,2.3353033218755197,0.15492957746478872,14.3,14.3,2.2,2.2,18.4,18.4,1.6,1.6,18.8,18.8,H,V,987.0
987,-,15,H,H,T,14.234,2.1714285714285717,"(False, 0.0)",G,988,11.0,9.97,9.97,9.97,9.97,9.69,9.69,0.28,0.28,0.0,0.0,1.9993447140004008,-71.7,-37.0,1.9745562940019612,0.13095238095238096,12.3,12.3,12.3,12.3,26.6,26.6,0.6,0.6,inf,inf,H,G,988.0
988,-,15,H,H,T,14.268,2.542857142857143,"(False, 0.0)",G,989,0.0,0.0,0.0,0.0,0.0,0.0,0.0,0.0,0.0,0.0,0.0,4.0006900527565925,-78.9,-26.4,4.322132090511839,0.0,0.0,0.0,0.0,0.0,0.0,0.0,0.0,0.0,inf,inf,H,G,989.0
989,-,20,H,H,T,13.203999999999999,1.7857142857142858,"(False, 0.0)",L,990,2.0,1.65,1.65,0.0,0.0,1.65,1.65,0.0,0.0,1.65,1.65,4.071240874565136,-69.5,-43.0,3.8337861606606896,0.012195121951219513,0.9,0.9,0.0,0.0,1.2,1.2,0.0,0.0,1.2,1.2,H,L,990.0
990,-,20,H,H,T,14.418000000000001,0.6857142857142857,"(False, 0.0)",V,991,57.0,56.87,56.87,1.5,1.5,56.87,56.87,0.0,0.0,55.36,55.36,1.9994887532298613,-64.9,-44.0,2.045451114733984,0.4014084507042254,37.4,37.4,3.6,3.6,49.4,49.4,0.0,0.0,50.1,50.1,H,V,991.0
991,-,20,H,H,T,16.627999999999997,1.2857142857142858,"(False, 0.0)",M,992,61.0,58.42,58.42,0.12,0.12,28.26,28.26,30.15,30.15,58.3,58.3,2.1727058075272043,-66.6,-43.1,2.3696397769607733,0.32446808510638303,30.3,30.3,0.3,0.3,24.0,24.0,39.9,39.9,38.6,38.6,H,M,992.0
992,-,15,H,H,T,16.628,1.8857142857142857,"(False, 0.0)",S,993,0.0,0.0,0.0,0.0,0.0,0.0,0.0,0.0,0.0,0.0,0.0,5.312698836358317,-63.5,-54.2,5.427219699431023,0.0,0.0,0.0,0.0,0.0,0.0,0.0,0.0,0.0,0.0,0.0,H,S,993.0
993,-,20,H,H,T,16.594,1.2428571428571427,"(False, 0.0)",Q,994,13.000000000000002,12.31,12.31,1.49,1.49,4.55,4.55,7.76,7.76,10.82,10.82,3.7862690835114936,-65.1,-43.7,2.8261350486353525,0.06565656565656566,6.9,6.9,3.5,3.5,9.7,9.7,5.9,5.9,7.9,7.9,H,Q,994.0
994,-,20,H,H,T,16.497999999999998,1.1857142857142855,"(False, 0.0)",L,995,100.0,103.6,103.6,1.31,1.31,102.86,102.86,0.74,0.74,102.29,102.29,1.9995804160399795,-64.2,-43.3,2.0037101203256733,0.6097560975609756,57.7,57.7,3.3,3.3,72.2,72.2,2.0,2.0,73.2,73.2,H,L,995.0
995,-,20,H,H,T,18.883999999999997,0.7285714285714285,"(False, 0.0)",L,996,46.99999999999999,49.74,49.74,2.05,2.05,49.74,49.74,0.0,0.0,47.69,47.69,1.9998254386178318,-68.9,-45.8,2.105073466166901,0.2865853658536585,27.7,27.7,5.1,5.1,34.9,34.9,0.0,0.0,34.1,34.1,H,L,996.0
996,-,15,H,H,T,19.599999999999998,0.7428571428571428,"(False, 0.0)",T,997,10.0,13.13,13.13,0.69,0.69,2.54,2.54,10.59,10.59,12.44,12.44,4.7384026127546575,-67.8,-30.9,5.349213069847137,0.07042253521126761,9.3,9.3,1.7,1.7,3.4,3.4,16.0,16.0,12.6,12.6,H,T,997.0
997,-,15,H,E,T,18.474,1.1428571428571428,"(False, 0.0)",L,998,4.0,3.81,3.81,0.24,0.24,3.69,3.69,0.12,0.12,3.57,3.57,3.282148433148545,-59.3,-35.4,3.2036162980605973,0.024390243902439025,2.1,2.1,0.6,0.6,2.6,2.6,0.3,0.3,2.6,2.6,H,L,998.0
998,-,20,H,E,T,17.348000000000003,0.3714285714285714,"(False, 0.0)",Y,999,84.0,78.18,78.18,0.0,0.0,51.37,51.37,26.82,26.82,78.18,78.18,3.136304133955908,-86.7,-35.7,2.271496044372834,0.3783783783783784,36.5,36.5,0.0,0.0,38.6,38.6,33.1,33.1,44.5,44.5,H,Y,999.0
999,-,15,H,H,T,17.68,0.42857142857142844,"(False, 0.0)",T,1000,16.0,17.28,17.28,0.0,0.0,13.82,13.82,3.46,3.46,17.28,17.28,2.5147805870862823,-87.5,-38.9,2.4927726788688807,0.11267605633802814,12.3,12.3,0.0,0.0,18.6,18.6,5.2,5.2,17.5,17.5,H,T,1000.0
1000,-,10,H,H,T,17.714000000000002,1.1285714285714288,"(False, 0.0)",T,1001,2.0,1.33,1.33,0.14,0.14,1.06,1.06,0.27,0.27,1.19,1.19,4.750692921691191,-55.6,-43.3,5.544096771831951,0.014084507042253518,0.9,0.9,0.3,0.3,1.4,1.4,0.4,0.4,1.2,1.2,H,T,1001.0
1001,-,15,H,H,T,18.422000000000004,0.4,"(False, 0.0)",P,1002,1.0,0.34,0.34,0.34,0.34,0.34,0.34,0.0,0.0,0.0,0.0,5.957907872850669,-56.9,-36.3,5.784028696082388,0.007352941176470587,0.2,0.2,1.2,1.2,0.3,0.3,0.0,0.0,0.0,0.0,H,P,1002.0
1002,-,10,H,H,T,18.874000000000002,1.1285714285714286,"(False, 0.0)",V,1003,11.0,9.21,9.21,0.0,0.0,9.21,9.21,0.0,0.0,9.21,9.21,3.0909176013076047,-67.3,-42.5,2.5750081902385524,0.07746478873239436,6.1,6.1,0.0,0.0,8.0,8.0,0.0,0.0,8.3,8.3,H,V,1003.0
1003,-,5,H,H,T,20.0,1.6285714285714283,"(False, 0.0)",V,1004,8.0,8.77,8.77,0.5,0.5,8.77,8.77,0.0,0.0,8.27,8.27,1.9995381666954772,-74.1,-18.0,2.4981163116674137,0.056338028169014086,5.8,5.8,1.2,1.2,7.6,7.6,0.0,0.0,7.5,7.5,H,V,1004.0
1004,-,10,H,H,T,20.474,2.1285714285714286,"(False, 0.0)",Y,1005,2.0,2.07,2.07,0.0,0.0,1.56,1.56,0.51,0.51,2.07,2.07,5.41975610888984,-95.0,-24.6,4.339464349189568,0.009009009009009007,1.0,1.0,0.0,0.0,1.2,1.2,0.6,0.6,1.2,1.2,H,Y,1005.0
1005,-,15,H,H,T,20.119999999999997,1.8571428571428572,"(False, 0.0)",L,1006,8.0,9.24,9.24,0.17,0.17,9.07,9.07,0.17,0.17,9.07,9.07,2.8988047230207012,-67.8,-44.5,2.358750876204773,0.04878048780487805,5.1,5.1,0.4,0.4,6.4,6.4,0.4,0.4,6.5,6.5,H,L,1006.0
1006,-,5,H,H,T,18.142,0.6142857142857142,"(False, 0.0)",F,1007,104.0,100.39,100.39,1.42,1.42,100.36,100.36,0.03,0.03,98.97,98.97,1.999588593657672,-78.9,162.0,2.1125511116663303,0.5279187817258884,50.2,50.2,3.7,3.7,60.8,60.8,0.1,0.1,61.3,61.3,T,F,1007.0
1007,-,5,H,H,I,17.392,0.557142857142857,"(False, 0.0)",F,1008,74.0,70.6,70.6,0.95,0.95,69.65,69.65,0.95,0.95,69.65,69.65,2.5323683599545332,67.1,-30.8,2.1414566845532903,0.3756345177664975,35.3,35.3,2.5,2.5,42.2,42.2,2.7,2.7,43.1,43.1,T,F,1008.0
1008,e,30,H,H,I,17.392000000000003,0.0999999999999999,"(False, 0.0)",D,1009,47.0,42.93,42.93,22.56,22.56,1.35,1.35,41.58,41.58,20.37,20.37,1.9998205207866224,-68.5,-40.4,1.895703979555403,0.2883435582822086,30.1,30.1,53.3,53.3,3.2,3.2,41.5,41.5,20.3,20.3,T,D,1009.0
1009,e,40,H,H,I,16.288,0.0999999999999999,"(False, 0.0)",R,1010,139.0,137.01,137.01,37.38,37.38,61.83,61.83,75.18,75.18,99.63,99.63,1.999626853489308,-83.1,54.8,1.8466576241292607,0.5604838709677419,57.5,57.5,89.0,89.0,84.5,84.5,45.6,45.6,50.8,50.8,-,R,1010.0
1010,-,20,H,H,I,16.607999999999997,-0.942857142857143,"(False, 0.0)",L,1011,164.0,163.94,163.94,79.07,79.07,97.65,97.65,66.29,66.29,84.88,84.88,1.9995271048522567,-157.2,360.0,1.7751114207128682,1.0,91.3,91.3,198.8,198.8,68.6,68.6,178.4,178.4,60.7,60.7,-,L,1011.0
1011,e,45,H,H,I,17.128,-0.9428571428571428,"(False, 0.0)",R,1012,,,,,,,,,,,,,,,,,,,,,,,,,,,,,
1012,e,55,H,H,I,18.232,-0.5571428571428572,"(False, 0.0)",L,1013,,,,,,,,,,,,,,,,,,,,,,,,,,,,,
1013,e,45,H,H,I,15.846,-0.5571428571428572,"(False, 0.0)",R,1014,,,,,,,,,,,,,,,,,,,,,,,,,,,,,
1014,-,25,H,H,I,15.846,-1.6571428571428573,"(False, 0.0)",F,1015,,,,,,,,,,,,,,,,,,,,,,,,,,,,,
1015,e,55,C,H,I,14.707999999999998,-1.242857142857143,"(False, 0.0)",S,1016,,,,,,,,,,,,,,,,,,,,,,,,,,,,,
1016,e,60,C,C,I,15.338,-2.342857142857143,"(False, 0.0)",R,1017,,,,,,,,,,,,,,,,,,,,,,,,,,,,,
1017,e,50,C,C,I,14.52,-2.2,"(False, 0.0)",K,1018,,,,,,,,,,,,,,,,,,,,,,,,,,,,,
1018,e,60,C,C,I,15.516,-2.7,"(False, 0.0)",P,1019,,,,,,,,,,,,,,,,,,,,,,,,,,,,,
1019,e,60,C,C,I,15.813999999999998,-1.9857142857142858,"(False, 0.0)",K,1020,,,,,,,,,,,,,,,,,,,,,,,,,,,,,
1020,e,60,C,C,I,16.986,-1.4428571428571428,"(False, 0.0)",Q,1021,,,,,,,,,,,,,,,,,,,,,,,,,,,,,
1021,e,50,C,C,I,16.654,-1.3857142857142857,"(False, 0.0)",T,1022,,,,,,,,,,,,,,,,,,,,,,,,,,,,,
1022,e,40,C,C,I,16.226,inf,"(False, 0.0)",V,1023,,,,,,,,,,,,,,,,,,,,,,,,,,,,,
1023,e,65,C,C,I,inf,inf,"(False, 0.0)",T,1024,,,,,,,,,,,,,,,,,,,,,,,,,,,,,
1024,e,90,C,C,I,inf,inf,"(False, 0.0)",E,1025,,,,,,,,,,,,,,,,,,,,,,,,,,,,,
