,seq_RSA-accpro,seq_RSA-accpro20,seq_SS-sspro,seq_SS-sspro8,seq_TM-tmhmm,seq_bulkiness-window5-biop,seq_kd_hydrophobicity-window7-biop,seq_predicted_carbonylated-carspred,seq_residue,seq_resnum,seq_rmsd_2glsA_parent-pdbflex,struct_ASA-dssp,struct_ASA_ALL-freesasa_het,struct_ASA_ALL-freesasa_nohet,struct_ASA_BACKBONE-freesasa_het,struct_ASA_BACKBONE-freesasa_nohet,struct_ASA_NONPOLAR-freesasa_het,struct_ASA_NONPOLAR-freesasa_nohet,struct_ASA_POLAR-freesasa_het,struct_ASA_POLAR-freesasa_nohet,struct_ASA_RESIDUE-freesasa_het,struct_ASA_RESIDUE-freesasa_nohet,struct_CA_DEPTH-msms,struct_PHI-dssp,struct_PSI-dssp,struct_RES_DEPTH-msms,struct_RSA-dssp,struct_RSA_ALL-freesasa_het,struct_RSA_ALL-freesasa_nohet,struct_RSA_BACKBONE-freesasa_het,struct_RSA_BACKBONE-freesasa_nohet,struct_RSA_NONPOLAR-freesasa_het,struct_RSA_NONPOLAR-freesasa_nohet,struct_RSA_POLAR-freesasa_het,struct_RSA_POLAR-freesasa_nohet,struct_RSA_RESIDUE-freesasa_het,struct_RSA_RESIDUE-freesasa_nohet,struct_SS-dssp,struct_residue,struct_resnum
0,e,60,C,C,O,inf,inf,"(False, 0.0)",M,1,0.0,,,,,,,,,,,,,,,,,,,,,,,,,,,,,
1,e,55,C,C,O,inf,inf,"(False, 0.0)",S,2,0.179,94.0,92.41,92.41,46.03,46.03,54.62,54.62,37.8,37.8,46.38,46.38,1.9995246483222888,360.0,-178.9,1.8991346667583688,0.7230769230769231,78.1,78.1,106.0,106.0,116.3,116.3,53.0,53.0,61.9,61.9,-,S,1.0
2,e,25,H,H,O,12.895999999999997,inf,"(False, 0.0)",A,3,0.179,14.0,15.53,15.53,1.66,1.66,13.86,13.86,1.66,1.66,13.86,13.86,2.4503219693285088,-71.6,-48.5,2.5367589180879877,0.1320754716981132,14.3,14.3,3.8,3.8,19.5,19.5,4.4,4.4,21.4,21.4,H,A,2.0
3,e,70,H,H,O,13.959999999999999,0.5999999999999999,"(False, 0.0)",E,4,0.179,140.0,134.66,134.66,8.15,8.15,60.56,60.56,74.1,74.1,126.52,126.52,1.999695743535496,-40.2,-42.8,1.780543295439163,0.7216494845360825,77.3,77.3,19.4,19.4,117.1,117.1,60.5,60.5,95.7,95.7,H,E,3.0
4,e,50,H,H,O,16.345999999999997,0.2285714285714285,"(False, 0.0)",H,5,0.179,94.0,95.63,95.63,5.01,5.01,63.91,63.91,31.72,31.72,90.62,90.62,1.9997366693864385,-65.0,-71.5,2.0284106983938046,0.5108695652173914,52.3,52.3,12.8,12.8,65.9,65.9,36.9,36.9,63.0,63.0,H,H,4.0
5,-,0,H,H,O,17.2,0.6142857142857142,"(False, 0.0)",V,6,0.179,1.0,1.68,1.68,1.02,1.02,1.56,1.56,0.13,0.13,0.66,0.66,3.2832854547030275,-33.9,-51.7,3.7472324213839343,0.007042253521126761,1.1,1.1,2.5,2.5,1.4,1.4,0.3,0.3,0.6,0.6,H,V,5.0
6,e,35,H,H,O,17.736,0.8999999999999998,"(False, 0.0)",L,7,0.179,48.0,52.17,52.17,0.47,0.47,52.17,52.17,0.0,0.0,51.7,51.7,2.468755526757313,-39.3,-61.2,2.207014352155914,0.2926829268292683,29.1,29.1,1.2,1.2,36.6,36.6,0.0,0.0,37.0,37.0,H,L,6.0
7,e,45,H,H,O,19.278,0.8999999999999998,"(False, 0.0)",T,8,0.166,76.0,81.1,81.1,1.01,1.01,68.14,68.14,12.97,12.97,80.09,80.09,1.9996639319019545,-52.5,-76.1,2.071385253203329,0.5352112676056338,57.7,57.7,2.4,2.4,91.5,91.5,19.6,19.6,81.2,81.2,H,T,7.0
8,-,15,H,H,O,17.528,0.8571428571428571,"(False, 0.0)",M,9,0.126,46.0,52.78,52.78,0.89,0.89,49.87,49.87,2.91,2.91,51.89,51.89,1.9999641132735055,-20.0,-40.9,2.4486857644228284,0.24468085106382975,27.3,27.3,2.1,2.1,42.4,42.4,3.8,3.8,34.3,34.3,H,M,8.0
9,-,10,H,H,O,15.962,-0.20000000000000018,"(False, 0.0)",L,10,0.12,16.0,15.12,15.12,0.27,0.27,14.85,14.85,0.27,0.27,14.85,14.85,2.535752617217755,-55.2,-39.8,2.232866570971027,0.0975609756097561,8.4,8.4,0.7,0.7,10.4,10.4,0.7,0.7,10.6,10.6,H,L,9.0
10,e,80,H,H,O,15.545999999999998,-1.2428571428571427,"(False, 0.0)",N,11,0.114,114.0,105.11,105.11,9.45,9.45,36.89,36.89,68.22,68.22,95.66,95.66,1.999833493252228,-95.7,-34.8,1.8319688976750648,0.7261146496815286,72.5,72.5,22.7,22.7,88.8,88.8,65.9,65.9,92.4,92.4,H,N,10.0
11,e,65,H,H,O,15.01,-0.5428571428571429,"(False, 0.0)",E,12,0.167,135.0,125.55,125.55,28.48,28.48,26.58,26.58,98.97,98.97,97.07,97.07,1.9996778966631084,-41.2,-44.8,1.8020750701634944,0.6958762886597938,72.1,72.1,67.8,67.8,51.4,51.4,80.8,80.8,73.4,73.4,H,E,11.0
12,e,40,C,T,O,15.044,-1.3714285714285717,"(False, 0.0)",H,13,0.232,100.0,94.11,94.11,15.83,15.83,53.06,53.06,41.05,41.05,78.27,78.27,1.9995207480069763,-110.4,-7.1,1.970276764083997,0.5434782608695652,51.4,51.4,40.5,40.5,54.7,54.7,47.8,47.8,54.4,54.4,H,H,12.0
13,e,70,C,T,O,15.621999999999996,-1.5142857142857145,"(False, 0.0)",E,14,0.235,141.0,127.58,127.58,15.09,15.09,55.82,55.82,71.76,71.76,112.49,112.49,1.9996257486150244,93.9,-79.1,1.7887582925857852,0.7268041237113402,73.2,73.2,35.9,35.9,108.0,108.0,58.6,58.6,85.1,85.1,-,E,13.0
14,-,5,C,C,O,16.868000000000002,-0.4142857142857143,"(False, 0.0)",V,15,0.218,12.0,12.22,12.22,5.92,5.92,6.3,6.3,5.92,5.92,6.3,6.3,3.2781716942458985,43.8,154.4,2.514500779215521,0.08450704225352113,8.0,8.0,14.3,14.3,5.5,5.5,16.1,16.1,5.7,5.7,-,V,14.0
15,e,40,C,C,O,18.444,-0.41428571428571426,"(False, 0.0)",K,16,1.457,82.0,79.96,79.96,0.0,0.0,37.74,37.74,42.22,42.22,79.96,79.96,2.5234467900011825,-160.9,145.1,2.5097000676122683,0.4,39.0,39.0,0.0,0.0,34.0,34.0,45.0,45.0,49.1,49.1,-,K,15.0
16,-,0,E,E,O,18.066,0.5857142857142856,"(False, 0.0)",F,17,1.475,71.0,67.15,67.15,0.03,0.03,67.12,67.12,0.03,0.03,67.12,67.12,3.4944275661117943,79.4,156.3,2.6669127283537843,0.3604060913705584,33.6,33.6,0.1,0.1,40.7,40.7,0.1,0.1,41.6,41.6,-,F,16.0
17,-,0,E,E,O,18.032,0.4428571428571429,"(False, 0.0)",V,18,3.504,2.0,1.78,1.78,0.0,0.0,1.78,1.78,0.0,0.0,1.78,1.78,3.5588143419748617,-164.9,118.1,3.0010913920541973,0.014084507042253518,1.2,1.2,0.0,0.0,1.5,1.5,0.0,0.0,1.6,1.6,E,V,17.0
18,-,-5,E,E,O,17.746,0.24285714285714274,"(False, 0.0)",D,19,6.316,6.0,7.04,7.04,0.19,0.19,0.14,0.14,6.9,6.9,6.84,6.84,3.907339810413609,-173.3,-97.9,2.8978682711795214,0.03680981595092025,4.9,4.9,0.5,0.5,0.3,0.3,6.9,6.9,6.8,6.8,E,D,18.0
19,-,0,E,E,O,17.746000000000002,0.7,"(False, 0.0)",L,20,6.951,7.000000000000001,8.29,8.29,0.0,0.0,8.29,8.29,0.0,0.0,8.29,8.29,2.31696839814125,-5.8,104.6,2.6023115798486347,0.042682926829268296,4.6,4.6,0.0,0.0,5.8,5.8,0.0,0.0,5.9,5.9,S,L,19.0
20,-,0,E,E,O,16.586000000000002,-0.20000000000000004,"(False, 0.0)",R,21,7.215,7.0,8.65,8.65,0.52,0.52,0.2,0.2,8.44,8.44,8.13,8.13,2.5750941607161866,84.1,131.5,2.8048724846729303,0.028225806451612906,3.6,3.6,1.2,1.2,0.3,0.3,5.1,5.1,4.1,4.1,S,R,20.0
21,-,0,E,E,O,16.586,-0.9000000000000002,"(False, 0.0)",F,22,7.216,13.0,14.1,14.1,0.58,0.58,13.52,13.52,0.58,0.58,13.52,13.52,3.483428369746369,-178.8,-93.7,3.0209795975132305,0.06598984771573604,7.1,7.1,1.5,1.5,8.2,8.2,1.7,1.7,8.4,8.4,-,F,21.0
22,-,0,E,E,O,15.459999999999999,-0.9571428571428573,"(False, 0.0)",T,23,7.111,15.0,18.25,18.25,2.43,2.43,10.73,10.73,7.53,7.53,15.82,15.82,3.5664591386265405,-69.3,-177.1,2.9019097369877977,0.1056338028169014,13.0,13.0,5.8,5.8,14.4,14.4,11.4,11.4,16.0,16.0,S,T,22.0
23,-,5,C,C,O,15.746000000000004,-1.5571428571428572,"(False, 0.0)",D,24,6.13,4.0,6.15,6.15,0.98,0.98,0.68,0.68,5.47,5.47,5.17,5.17,3.0811620802105257,-177.3,115.7,3.980982249317949,0.024539877300613498,4.3,4.3,2.3,2.3,1.6,1.6,5.5,5.5,5.1,5.1,-,D,23.0
24,-,5,C,S,O,12.466,-1.4714285714285715,"(False, 0.0)",T,25,4.154,21.0,21.38,21.38,1.93,1.93,18.87,18.87,2.51,2.51,19.45,19.45,1.9994696639125404,-45.6,170.7,2.4610448323579885,0.14788732394366194,15.2,15.2,4.6,4.6,25.3,25.3,3.8,3.8,19.7,19.7,-,T,24.0
25,e,20,C,S,O,12.454,-2.3714285714285714,"(False, 0.0)",K,26,4.03,5.0,4.46,4.46,0.24,0.24,4.05,4.05,0.41,0.41,4.22,4.22,2.6455636650366734,-55.1,-24.5,3.0809664954448666,0.024390243902439025,2.2,2.2,0.6,0.6,3.6,3.6,0.4,0.4,2.6,2.6,S,K,25.0
26,-,10,C,S,O,12.832000000000003,-2.7714285714285714,"(False, 0.0)",G,27,4.142,27.000000000000004,27.74,27.74,27.74,27.74,24.01,24.01,3.73,3.73,0.0,0.0,1.9996159181456343,-93.8,-72.0,1.7398573193910545,0.32142857142857145,34.2,34.2,34.2,34.2,65.9,65.9,8.4,8.4,inf,inf,S,G,26.0
27,-,15,C,C,O,12.568,-2.7285714285714286,"(False, 0.0)",K,28,4.205,48.0,46.69,46.69,13.02,13.02,30.17,30.17,16.52,16.52,33.67,33.67,2.3370315186511226,175.7,154.9,1.9901069003847007,0.23414634146341465,22.8,22.8,31.0,31.0,27.2,27.2,17.6,17.6,20.7,20.7,S,K,27.0
28,-,5,E,E,O,12.164,-2.0285714285714285,"(False, 0.0)",E,29,3.251,44.0,47.96,47.96,13.08,13.08,34.01,34.01,13.94,13.94,34.87,34.87,2.3092274591453843,13.1,138.0,2.0444028166217887,0.2268041237113402,27.5,27.5,31.1,31.1,65.8,65.8,11.4,11.4,26.4,26.4,-,E,28.0
29,-,0,E,E,O,15.797999999999998,-1.5714285714285714,"(False, 0.0)",Q,30,2.618,83.0,78.56,78.56,4.97,4.97,16.43,16.43,62.13,62.13,73.59,73.59,1.999701042338184,-157.2,159.1,2.008938242478927,0.4191919191919192,43.9,43.9,11.8,11.8,35.0,35.0,47.1,47.1,53.8,53.8,-,Q,29.0
30,-,0,E,E,O,15.809999999999999,-0.8714285714285713,"(False, 0.0)",H,31,1.451,102.0,102.35,102.35,17.22,17.22,55.11,55.11,47.24,47.24,85.13,85.13,2.2869125148052127,-149.0,167.6,1.8708711289536681,0.5543478260869565,55.9,55.9,44.1,44.1,56.8,56.8,55.0,55.0,59.2,59.2,-,H,30.0
31,-,10,E,E,O,17.375999999999998,-0.5428571428571428,"(False, 0.0)",V,32,0.851,76.0,85.63,85.63,3.37,3.37,85.63,85.63,0.0,0.0,82.25,82.25,1.9994761789013,-145.5,147.4,2.218978691995717,0.5352112676056338,56.3,56.3,8.1,8.1,74.4,74.4,0.0,0.0,74.5,74.5,-,V,31.0
32,-,0,E,E,O,17.972,0.21428571428571405,"(False, 0.0)",T,33,0.268,64.0,61.74,61.74,25.0,25.0,24.26,24.26,37.48,37.48,36.74,36.74,1.9998990900986091,-111.8,131.9,1.776721606147922,0.4507042253521127,43.9,43.9,59.6,59.6,32.6,32.6,56.7,56.7,37.3,37.3,-,T,32.0
33,-,5,E,E,O,17.534000000000002,0.2571428571428571,"(False, 0.0)",I,34,0.145,28.000000000000004,28.13,28.13,0.0,0.0,28.13,28.13,0.0,0.0,28.13,28.13,2.2268445365307685,-114.8,132.5,2.149580073580838,0.16568047337278108,16.0,16.0,0.0,0.0,20.3,20.3,0.0,0.0,21.0,21.0,-,I,33.0
34,-,0,E,E,O,15.957999999999998,0.21428571428571422,"(False, 0.0)",P,35,0.097,46.0,51.59,51.59,0.52,0.52,51.22,51.22,0.37,0.37,51.07,51.07,1.9995735000721475,-59.1,143.2,2.2265376419956966,0.3382352941176471,37.6,37.6,1.9,1.9,42.3,42.3,2.3,2.3,46.6,46.6,-,P,34.0
35,-,15,H,G,O,15.693999999999999,0.2142857142857142,"(False, 0.0)",A,36,0.104,27.0,26.27,26.27,6.45,6.45,20.49,20.49,5.78,5.78,19.82,19.82,2.5020166605663463,-41.5,-48.4,1.8680631458492951,0.2547169811320755,24.2,24.2,14.7,14.7,28.9,28.9,15.3,15.3,30.6,30.6,S,A,35.0
36,e,50,H,G,O,15.728,-0.18571428571428572,"(False, 0.0)",H,37,0.172,130.0,128.83,128.83,15.1,15.1,97.28,97.28,31.55,31.55,113.72,113.72,1.9994209793182385,-52.0,-118.2,1.7778827793009966,0.7065217391304348,70.4,70.4,38.6,38.6,100.3,100.3,36.7,36.7,79.0,79.0,T,H,36.0
37,-,20,H,G,O,14.806000000000001,-0.5714285714285714,"(False, 0.0)",Q,38,0.211,85.0,79.74,79.74,15.68,15.68,11.23,11.23,68.51,68.51,64.06,64.06,1.999791865818831,30.0,-28.3,1.8944128948802903,0.4292929292929293,44.6,44.6,37.3,37.3,23.9,23.9,52.0,52.0,46.8,46.8,T,Q,37.0
38,-,5,C,C,O,14.806000000000001,-0.8428571428571427,"(False, 0.0)",V,39,0.242,17.0,15.81,15.81,13.41,13.41,2.4,2.4,13.41,13.41,2.4,2.4,2.6046634535583832,-79.8,143.8,2.2562354219971783,0.11971830985915492,10.4,10.4,32.3,32.3,2.1,2.1,36.4,36.4,2.2,2.2,-,V,38.0
39,e,40,C,S,O,14.782,-0.7000000000000001,"(False, 0.0)",N,40,0.27,67.0,61.42,61.42,14.26,14.26,27.18,27.18,34.23,34.23,47.15,47.15,1.999558822587699,168.0,21.9,1.8866870920208239,0.4267515923566879,42.4,42.4,34.3,34.3,65.4,65.4,33.1,33.1,45.6,45.6,S,N,39.0
40,e,55,H,H,O,15.852,0.1571428571428571,"(False, 0.0)",A,41,0.303,40.0,45.42,45.42,0.2,0.2,45.37,45.37,0.04,0.04,45.22,45.22,2.3031229721420714,69.3,126.3,2.029449821453864,0.37735849056603776,41.8,41.8,0.4,0.4,63.9,63.9,0.1,0.1,69.8,69.8,S,A,40.0
41,e,50,H,H,O,15.498000000000001,0.15714285714285708,"(False, 0.0)",E,42,0.261,108.0,101.8,101.8,5.06,5.06,30.32,30.32,71.48,71.48,96.74,96.74,1.9995886016020767,113.4,-72.1,1.9058686488054064,0.5567010309278351,58.4,58.4,12.0,12.0,58.6,58.6,58.4,58.4,73.2,73.2,S,E,41.0
42,-,0,H,H,O,15.648000000000001,-0.9428571428571427,"(False, 0.0)",F,43,0.266,9.0,10.24,10.24,1.83,1.83,10.09,10.09,0.15,0.15,8.41,8.41,2.0000509377982314,-46.0,-60.5,2.668436340849736,0.045685279187817264,5.1,5.1,4.8,4.8,6.1,6.1,0.4,0.4,5.2,5.2,H,F,42.0
43,-,10,H,H,O,16.062,-0.5,"(False, 0.0)",F,44,0.268,20.0,21.89,21.89,11.97,11.97,9.99,9.99,11.9,11.9,9.93,9.93,2.4703177473965567,-62.8,-27.0,2.7723923742893923,0.10152284263959392,11.0,11.0,31.1,31.1,6.1,6.1,34.1,34.1,6.1,6.1,H,F,43.0
44,e,75,H,H,O,14.028000000000002,-1.3142857142857143,"(False, 0.0)",E,45,0.343,164.0,150.64,150.64,19.12,19.12,52.99,52.99,97.65,97.65,131.52,131.52,2.3731028741725626,-103.4,-26.9,1.807177944612109,0.8453608247422679,86.5,86.5,45.5,45.5,102.5,102.5,79.7,79.7,99.5,99.5,H,E,44.0
45,e,55,C,T,O,13.210000000000003,-0.5428571428571429,"(False, 0.0)",E,46,0.337,140.0,126.22,126.22,25.12,25.12,37.36,37.36,88.86,88.86,101.1,101.1,1.9995655091862008,-122.7,-7.7,1.7596012978586784,0.7216494845360825,72.5,72.5,59.8,59.8,72.3,72.3,72.6,72.6,76.5,76.5,H,E,45.0
46,-,10,C,C,O,12.5,-0.5428571428571429,"(False, 0.0)",G,47,0.272,6.0,8.73,8.73,8.73,8.73,0.28,0.28,8.45,8.45,0.0,0.0,2.408560748854549,78.4,-162.1,2.010565006965133,0.07142857142857142,10.8,10.8,10.8,10.8,0.8,0.8,18.9,18.9,inf,inf,-,G,46.0
47,e,30,E,E,O,13.746,-1.4428571428571428,"(False, 0.0)",K,48,0.6,81.0,81.51,81.51,8.38,8.38,55.25,55.25,26.26,26.26,73.13,73.13,1.9997388245845864,-136.4,157.3,1.93327477624674,0.3951219512195122,39.8,39.8,20.0,20.0,49.7,49.7,28.0,28.0,44.9,44.9,E,K,47.0
48,e,45,E,E,O,13.368,-1.0,"(False, 0.0)",M,49,1.397,98.0,105.03,105.03,32.37,32.37,35.4,35.4,69.63,69.63,72.66,72.66,1.9996861155214736,-145.3,148.7,1.829691720724944,0.5212765957446809,54.4,54.4,77.1,77.1,30.1,30.1,92.3,92.3,48.1,48.1,E,M,48.0
49,-,10,E,E,O,13.368,-0.6142857142857142,"(False, 0.0)",F,50,2.691,52.0,57.91,57.91,10.47,10.47,57.91,57.91,0.0,0.0,47.44,47.44,1.9996972822207777,-130.2,-159.9,2.2005382202960755,0.2639593908629442,29.0,29.0,27.2,27.2,35.1,35.1,0.0,0.0,29.4,29.4,E,F,49.0
50,-,20,E,E,O,12.120000000000001,-0.6714285714285716,"(False, 0.0)",D,51,3.6,69.0,64.58,64.58,1.4,1.4,9.82,9.82,54.75,54.75,63.17,63.17,2.788385850031141,-138.7,-174.6,1.8444606185664776,0.4233128834355828,45.2,45.2,3.3,3.3,23.1,23.1,54.6,54.6,62.9,62.9,E,D,50.0
51,-,5,H,G,O,10.764,0.5285714285714287,"(False, 0.0)",G,52,4.789,14.0,17.6,17.6,17.6,17.6,11.13,11.13,6.47,6.47,0.0,0.0,1.9995335393689424,-19.7,-157.1,1.792703804425826,0.16666666666666666,21.7,21.7,21.7,21.7,30.5,30.5,14.5,14.5,inf,inf,-,G,51.0
52,-,20,H,G,O,11.084,0.19999999999999996,"(False, 0.0)",S,53,4.06,101.0,98.33,98.33,24.33,24.33,44.26,44.26,54.07,54.07,74.0,74.0,1.9997116965364568,73.5,106.3,1.8005834678679675,0.7769230769230769,83.1,83.1,56.1,56.1,94.2,94.2,75.8,75.8,98.8,98.8,S,S,52.0
53,-,25,H,G,O,9.427999999999999,-0.2571428571428572,"(False, 0.0)",S,54,4.745,71.0,62.64,62.64,32.81,32.81,23.81,23.81,38.83,38.83,29.83,29.83,1.9997081496501132,121.7,-19.5,1.7395184753872674,0.5461538461538461,52.9,52.9,75.6,75.6,50.7,50.7,54.4,54.4,39.8,39.8,S,S,53.0
54,-,5,C,S,O,9.428,0.11428571428571425,"(False, 0.0)",I,55,9.435,14.000000000000002,15.59,15.59,10.4,10.4,13.71,13.71,1.88,1.88,5.19,5.19,1.9996019247855423,-174.1,108.5,2.5597263744438883,0.08284023668639054,8.9,8.9,25.1,25.1,9.9,9.9,5.1,5.1,3.9,3.9,S,I,54.0
55,e,45,C,T,O,11.867999999999999,-0.3857142857142858,"(False, 0.0)",G,56,11.687,43.0,45.96,45.96,45.96,45.96,4.38,4.38,41.58,41.58,0.0,0.0,1.9999077744012044,172.1,138.7,1.7096203829227794,0.5119047619047619,56.7,56.7,56.7,56.7,12.0,12.0,93.1,93.1,inf,inf,-,G,55.0
56,-,25,C,T,O,13.116,-0.3285714285714286,"(False, 0.0)",G,57,14.51,43.0,46.14,46.14,46.14,46.14,36.31,36.31,9.82,9.82,0.0,0.0,1.9994880161294788,-134.5,134.7,1.7094830528593847,0.5119047619047619,56.9,56.9,56.9,56.9,99.7,99.7,22.0,22.0,inf,inf,-,G,56.0
57,-,15,C,S,O,9.516,0.4285714285714285,"(False, 0.0)",W,58,14.626,218.0,213.29,213.29,37.64,37.64,179.08,179.08,34.21,34.21,175.65,175.65,1.999445160435253,64.1,160.6,1.789597562677214,0.9603524229074889,85.6,85.6,88.4,88.4,95.5,95.5,55.5,55.5,85.0,85.0,S,W,57.0
58,-,30,C,C,O,13.116,-0.7142857142857143,"(False, 0.0)",K,59,6.398,152.0,157.14,157.14,15.85,15.85,120.53,120.53,36.61,36.61,141.3,141.3,1.9996523649453255,-45.2,-176.9,1.8706953219076068,0.7414634146341463,76.7,76.7,37.7,37.7,108.5,108.5,39.0,39.0,86.7,86.7,S,K,58.0
59,-,15,C,C,O,15.0,-1.1571428571428573,"(False, 0.0)",G,60,8.121,29.0,31.16,31.16,31.16,31.16,15.22,15.22,15.94,15.94,0.0,0.0,1.9992912371309497,-4.6,88.7,1.7097366651815764,0.34523809523809523,38.4,38.4,38.4,38.4,41.8,41.8,35.7,35.7,inf,inf,-,G,59.0
60,-,25,C,G,O,13.38,-1.2142857142857146,"(False, 0.0)",I,61,9.363,60.0,59.19,59.19,2.51,2.51,56.68,56.68,2.51,2.51,56.68,56.68,2.373745952263294,-121.6,94.0,1.9948650573831208,0.3550295857988165,33.7,33.7,6.0,6.0,40.8,40.8,6.8,6.8,42.2,42.2,-,I,60.0
61,-,15,C,T,O,12.132000000000001,-1.5857142857142859,"(False, 0.0)",N,62,11.947,68.0,58.78,58.78,2.2,2.2,12.08,12.08,46.7,46.7,56.58,56.58,2.4120233397552964,-77.8,156.3,1.9441694429365148,0.43312101910828027,40.5,40.5,5.3,5.3,29.1,29.1,45.1,45.1,54.7,54.7,E,N,61.0
62,e,35,C,G,O,13.788,-0.7571428571428571,"(False, 0.0)",E,63,14.507,1.0,1.66,1.66,0.0,0.0,0.49,0.49,1.16,1.16,1.66,1.66,4.231554331628951,-134.2,132.2,3.83770221508892,0.005154639175257732,1.0,1.0,0.0,0.0,1.0,1.0,1.0,1.0,1.3,1.3,E,E,62.0
63,-,0,C,C,O,12.758,-0.10000000000000006,"(False, 0.0)",S,64,10.16,9.0,8.99,8.99,0.77,0.77,8.99,8.99,0.0,0.0,8.22,8.22,1.9998785260895844,-61.6,152.3,2.7859151999980183,0.06923076923076922,7.6,7.6,1.8,1.8,19.1,19.1,0.0,0.0,11.0,11.0,E,S,63.0
64,-,20,E,E,O,14.508,-0.20000000000000004,"(False, 0.0)",D,65,13.527,15.0,18.1,18.1,0.0,0.0,3.62,3.62,14.47,14.47,18.1,18.1,3.310349014589216,-121.1,99.3,2.4260334817194407,0.0920245398773006,12.7,12.7,0.0,0.0,8.5,8.5,14.4,14.4,18.0,18.0,E,D,64.0
65,-,0,E,E,O,16.074,0.5714285714285714,"(False, 0.0)",M,66,12.492,23.0,22.79,22.79,0.0,0.0,5.66,5.66,17.13,17.13,22.79,22.79,3.681798674326585,-66.6,63.1,2.7821634387722964,0.12234042553191488,11.8,11.8,0.0,0.0,4.8,4.8,22.7,22.7,15.1,15.1,E,M,65.0
66,-,0,E,E,O,17.43,0.8428571428571427,"(False, 0.0)",V,67,12.705,0.0,0.07,0.07,0.07,0.07,0.0,0.0,0.07,0.07,0.0,0.0,3.5226334003132096,-15.3,89.8,3.1223872128113235,0.0,0.0,0.0,0.2,0.2,0.0,0.0,0.2,0.2,0.0,0.0,E,V,66.0
67,-,0,E,E,O,18.580000000000002,0.457142857142857,"(False, 0.0)",L,68,15.201,22.0,24.33,24.33,0.0,0.0,24.33,24.33,0.0,0.0,24.33,24.33,2.720753859284008,-135.5,-157.2,2.719633574475934,0.13414634146341464,13.5,13.5,0.0,0.0,17.1,17.1,0.0,0.0,17.4,17.4,-,L,67.0
68,-,5,E,E,O,17.666,1.2142857142857142,"(False, 0.0)",M,69,17.919,4.0,6.72,6.72,2.01,2.01,6.72,6.72,0.0,0.0,4.71,4.71,1.9994959445704636,28.1,52.5,2.503720745289567,0.02127659574468085,3.5,3.5,4.8,4.8,5.7,5.7,0.0,0.0,3.1,3.1,-,M,68.0
69,-,5,E,E,O,15.651999999999997,0.8285714285714286,"(False, 0.0)",P,70,12.6,27.0,31.9,31.9,2.51,2.51,29.73,29.73,2.16,2.16,29.39,29.39,2.541280036502483,-70.7,35.5,2.046662439449461,0.19852941176470587,23.2,23.2,9.1,9.1,24.5,24.5,13.4,13.4,26.8,26.8,T,P,69.0
70,-,25,C,C,O,13.266,0.1285714285714285,"(False, 0.0)",D,71,10.953,84.0,80.77,80.77,25.55,25.55,49.74,49.74,31.03,31.03,55.23,55.23,1.9994433304286607,-112.9,-64.9,1.7026870175927018,0.5153374233128835,56.6,56.6,60.4,60.4,117.1,117.1,30.9,30.9,55.0,55.0,T,D,70.0
71,-,10,H,G,O,13.169999999999998,-0.15714285714285706,"(False, 0.0)",A,72,10.491,23.0,25.4,25.4,18.34,18.34,24.48,24.48,0.93,0.93,7.06,7.06,1.999369942681809,-61.0,70.0,1.828788144641332,0.2169811320754717,23.4,23.4,41.7,41.7,34.5,34.5,2.5,2.5,10.9,10.9,S,A,71.0
72,e,50,H,G,O,11.984,0.17142857142857143,"(False, 0.0)",S,73,9.453,15.0,15.61,15.61,10.44,10.44,0.45,0.45,15.16,15.16,5.16,5.16,2.2727598777846274,-147.4,138.9,2.014849103434521,0.1153846153846154,13.2,13.2,24.1,24.1,1.0,1.0,21.2,21.2,6.9,6.9,E,S,72.0
73,-,15,H,G,O,13.962,1.042857142857143,"(False, 0.0)",T,74,9.137,31.0,29.67,29.67,0.57,0.57,29.66,29.66,0.01,0.01,29.11,29.11,1.99991038423874,-172.5,163.5,2.397368967145161,0.2183098591549296,21.1,21.1,1.3,1.3,39.8,39.8,0.0,0.0,29.5,29.5,E,T,73.0
74,-,20,C,C,O,15.942000000000002,1.042857142857143,"(False, 0.0)",A,75,9.872,54.0,54.25,54.25,12.73,12.73,41.52,41.52,12.73,12.73,41.52,41.52,2.3683079432295466,-86.8,118.9,1.8881721488628416,0.5094339622641509,49.9,49.9,29.0,29.0,58.5,58.5,33.7,33.7,64.1,64.1,E,A,74.0
75,-,10,E,E,O,16.383999999999997,0.557142857142857,"(False, 0.0)",V,76,8.601,9.0,8.71,8.71,8.12,8.12,0.59,0.59,8.12,8.12,0.59,0.59,2.8216321530527817,-73.7,124.6,2.791442872618901,0.06338028169014084,5.7,5.7,19.6,19.6,0.5,0.5,22.0,22.0,0.5,0.5,-,V,75.0
76,-,20,E,E,O,16.716,1.0714285714285714,"(False, 0.0)",I,77,8.955,43.00000000000001,45.77,45.77,10.73,10.73,45.77,45.77,0.0,0.0,35.05,35.05,1.999446479640621,-70.5,-167.7,2.262895094531184,0.25443786982248523,26.0,26.0,25.9,25.9,33.0,33.0,0.0,0.0,26.1,26.1,S,I,76.0
77,-,10,C,C,O,18.375999999999998,1.5714285714285714,"(False, 0.0)",D,78,13.39,53.0,55.72,55.72,42.94,42.94,21.86,21.86,33.86,33.86,12.79,12.79,1.999293289960546,82.0,-102.0,1.8354739109777876,0.32515337423312884,39.0,39.0,101.5,101.5,51.4,51.4,33.8,33.8,12.7,12.7,S,D,77.0
78,e,25,C,S,O,18.022000000000002,1.5714285714285716,"(False, 0.0)",P,79,17.778,35.0,38.42,38.42,16.88,16.88,28.07,28.07,10.35,10.35,21.54,21.54,1.9994028248132831,-38.4,126.9,1.8840370194455105,0.25735294117647056,28.0,28.0,61.4,61.4,23.2,23.2,64.3,64.3,19.6,19.6,S,P,78.0
79,-,15,C,S,O,16.042,0.4714285714285714,"(False, 0.0)",F,80,15.46,113.0,113.64,113.64,57.77,57.77,76.39,76.39,37.26,37.26,55.87,55.87,1.9996333209483232,-13.8,-79.2,1.806874701493032,0.5736040609137056,56.9,56.9,150.3,150.3,46.3,46.3,106.6,106.6,34.6,34.6,S,F,79.0
80,-,15,C,C,O,16.041999999999998,-0.2857142857142856,"(False, 0.0)",F,81,8.533,129.0,127.65,127.65,6.32,6.32,127.65,127.65,0.0,0.0,121.33,121.33,1.999669960119272,-96.4,143.2,1.9469478669999436,0.6548223350253807,63.9,63.9,16.4,16.4,77.4,77.4,0.0,0.0,75.1,75.1,S,F,80.0
81,e,60,C,S,O,14.45,0.11428571428571425,"(False, 0.0)",A,82,9.276,43.0,41.2,41.2,18.76,18.76,33.54,33.54,7.67,7.67,22.44,22.44,1.9994611948177008,-45.7,152.9,2.3234815836008433,0.4056603773584906,37.9,37.9,42.7,42.7,47.2,47.2,20.3,20.3,34.6,34.6,-,A,81.0
82,-,10,C,S,O,13.644,0.8857142857142856,"(False, 0.0)",D,83,10.781,2.0,1.4,1.4,0.82,0.82,0.7,0.7,0.7,0.7,0.57,0.57,2.7698101958707286,179.5,136.8,2.371041490301291,0.012269938650306749,1.0,1.0,1.9,1.9,1.7,1.7,0.7,0.7,0.6,0.6,-,D,82.0
83,e,20,C,C,O,13.963999999999999,1.1285714285714286,"(False, 0.0)",S,84,8.705,5.0,5.68,5.68,0.6,0.6,1.5,1.5,4.18,4.18,5.09,5.09,4.391660885044006,-83.5,106.5,4.629232617189871,0.038461538461538464,4.8,4.8,1.4,1.4,3.2,3.2,5.9,5.9,6.8,6.8,E,S,83.0
84,-,0,E,E,O,15.943999999999999,1.3714285714285717,"(False, 0.0)",T,85,10.127,5.0,6.01,6.01,0.77,0.77,1.67,1.67,4.34,4.34,5.24,5.24,2.741088136689237,-72.6,120.6,2.2227436999407693,0.035211267605633804,4.3,4.3,1.8,1.8,2.2,2.2,6.6,6.6,5.3,5.3,E,T,84.0
85,-,0,E,E,O,17.887999999999998,0.4714285714285714,"(False, 0.0)",L,86,7.167,1.0,0.74,0.74,0.01,0.01,0.74,0.74,0.0,0.0,0.73,0.73,1.9995784857105356,-133.8,102.8,3.278247382458071,0.006097560975609756,0.4,0.4,0.0,0.0,0.5,0.5,0.0,0.0,0.5,0.5,E,L,85.0
86,-,0,E,E,O,18.85,1.3285714285714287,"(False, 0.0)",I,87,4.074,1.0,1.66,1.66,1.41,1.41,0.29,0.29,1.37,1.37,0.25,0.25,2.570082983772544,-39.1,-173.7,2.8267079719592942,0.005917159763313609,0.9,0.9,3.4,3.4,0.2,0.2,3.7,3.7,0.2,0.2,-,I,86.0
87,-,0,E,E,O,18.387999999999998,0.9428571428571428,"(False, 0.0)",I,88,4.63,6.0,8.52,8.52,1.92,1.92,6.6,6.6,1.92,1.92,6.6,6.6,4.8559489675179925,-150.5,145.9,4.144430972402796,0.035502958579881665,4.8,4.8,4.6,4.6,4.8,4.8,5.2,5.2,4.9,4.9,E,I,87.0
88,-,5,E,E,O,16.444,1.6857142857142857,"(False, 0.0)",R,89,4.975,70.0,63.03,63.03,0.0,0.0,11.39,11.39,51.64,51.64,63.03,63.03,4.977389883064907,-93.0,97.2,3.2397276291639154,0.28225806451612906,26.5,26.5,0.0,0.0,15.6,15.6,31.3,31.3,32.1,32.1,E,R,88.0
89,-,0,E,E,O,16.444,1.6857142857142857,"(False, 0.0)",C,90,5.286,3.0,5.08,5.08,2.1,2.1,1.7,1.7,3.38,3.38,2.97,2.97,5.684468200879261,26.2,-152.4,5.688646510414388,0.022222222222222227,3.8,3.8,4.9,4.9,4.3,4.3,3.6,3.6,3.3,3.3,T,C,89.0
90,-,5,E,E,O,16.444,0.5428571428571428,"(False, 0.0)",D,91,5.504,0.0,1.33,1.33,0.0,0.0,0.26,0.26,1.06,1.06,1.33,1.33,5.625625551205681,-108.9,17.1,5.122967677633283,0.0,0.9,0.9,0.0,0.0,0.6,0.6,1.1,1.1,1.3,1.3,T,D,90.0
91,-,0,E,E,O,16.302,-0.32857142857142857,"(False, 0.0)",I,92,6.657,21.0,22.68,22.68,0.0,0.0,22.68,22.68,0.0,0.0,22.68,22.68,3.2644770390713136,45.9,-151.3,3.1524762449827874,0.1242603550295858,12.9,12.9,0.0,0.0,16.3,16.3,0.0,0.0,16.9,16.9,-,I,91.0
92,-,15,E,E,O,17.095999999999997,0.2571428571428572,"(False, 0.0)",L,93,9.875,55.0,53.93,53.93,0.0,0.0,53.93,53.93,0.0,0.0,53.93,53.93,3.2022454154793727,-108.2,-69.5,2.8947466534925943,0.3353658536585366,30.0,30.0,0.0,0.0,37.9,37.9,0.0,0.0,38.6,38.6,-,L,92.0
93,e,25,C,C,O,15.439999999999998,-0.20000000000000012,"(False, 0.0)",E,94,9.582,41.0,34.57,34.57,5.31,5.31,15.72,15.72,18.85,18.85,29.26,29.26,2.439710262956737,-171.2,-117.1,2.020950869702967,0.21134020618556698,19.8,19.8,12.7,12.7,30.4,30.4,15.4,15.4,22.1,22.1,S,E,93.0
94,e,45,C,T,O,14.313999999999998,0.8428571428571429,"(False, 0.0)",P,95,8.486,105.0,111.46,111.46,29.84,29.84,92.79,92.79,18.67,18.67,81.62,81.62,1.999668610592978,-79.8,-41.5,1.8951860458673968,0.7720588235294118,81.2,81.2,108.5,108.5,76.6,76.6,116.0,116.0,74.4,74.4,S,P,94.0
95,e,75,C,T,O,14.314000000000002,-0.3,"(False, 0.0)",G,96,6.931,46.00000000000001,46.22,46.22,46.22,46.22,30.79,30.79,15.43,15.43,0.0,0.0,1.9996954844930401,-52.4,-50.6,1.8062872577454507,0.5476190476190477,57.0,57.0,57.0,57.0,84.5,84.5,34.6,34.6,inf,inf,S,G,95.0
96,e,55,C,T,O,14.489999999999998,-0.9,"(False, 0.0)",T,97,6.678,66.0,60.59,60.59,5.2,5.2,33.8,33.8,26.79,26.79,55.39,55.39,3.3271656737979525,77.1,75.7,2.2852075521405726,0.4647887323943662,43.1,43.1,12.4,12.4,45.4,45.4,40.5,40.5,56.2,56.2,-,T,96.0
97,e,40,C,C,O,11.684,-0.5857142857142857,"(False, 0.0)",L,98,4.3,81.0,88.71,88.71,2.4,2.4,88.71,88.71,0.0,0.0,86.31,86.31,1.9997922457330848,-163.9,-116.8,2.24435822285728,0.4939024390243902,49.4,49.4,6.0,6.0,62.3,62.3,0.0,0.0,61.7,61.7,-,L,97.0
98,e,50,C,C,O,14.61,-0.8571428571428571,"(False, 0.0)",Q,99,7.127,37.0,35.9,35.9,5.6,5.6,6.64,6.64,29.26,29.26,30.3,30.3,2.289114912515983,-58.4,99.1,2.098524602281005,0.18686868686868688,20.1,20.1,13.3,13.3,14.1,14.1,22.2,22.2,22.1,22.1,S,Q,98.0
99,-,0,E,B,O,13.792000000000002,-1.4428571428571428,"(False, 0.0)",G,100,8.225,0.0,0.07,0.07,0.07,0.07,0.07,0.07,0.0,0.0,0.0,0.0,3.336978853510372,-39.1,144.8,2.8511979067854694,0.0,0.1,0.1,0.1,0.1,0.2,0.2,0.0,0.0,inf,inf,-,G,99.0
100,-,5,C,C,O,12.367999999999999,-1.842857142857143,"(False, 0.0)",Y,101,8.087,47.0,44.76,44.76,1.2,1.2,39.31,39.31,5.45,5.45,43.56,43.56,1.9995739782319504,-62.7,123.7,2.3096362191244943,0.2117117117117117,20.9,20.9,3.1,3.1,29.5,29.5,6.7,6.7,24.8,24.8,T,Y,100.0
101,e,25,C,T,O,11.814,-2.6142857142857143,"(False, 0.0)",D,102,7.416,30.0,27.96,27.96,2.26,2.26,1.83,1.83,26.13,26.13,25.7,25.7,1.9998540918916643,64.8,31.5,2.2161746450384707,0.1840490797546012,19.6,19.6,5.3,5.3,4.3,4.3,26.1,26.1,25.6,25.6,T,D,101.0
102,-,15,C,T,O,14.62,-2.757142857142857,"(False, 0.0)",R,103,6.317,4.0,5.64,5.64,0.0,0.0,0.0,0.0,5.64,5.64,5.64,5.64,4.2322911388312034,176.0,-131.5,3.4234030067947314,0.016129032258064516,2.4,2.4,0.0,0.0,0.0,0.0,3.4,3.4,2.9,2.9,-,R,102.0
103,-,0,C,C,O,13.87,-2.814285714285714,"(False, 0.0)",D,104,4.638,0.0,0.0,0.0,0.0,0.0,0.0,0.0,0.0,0.0,0.0,0.0,6.082039059813143,104.8,51.6,4.772761391744257,0.0,0.0,0.0,0.0,0.0,0.0,0.0,0.0,0.0,0.0,0.0,-,D,103.0
104,-,0,H,H,O,13.428,-1.9857142857142858,"(False, 0.0)",P,105,2.916,0.0,0.08,0.08,0.0,0.0,0.08,0.08,0.0,0.0,0.08,0.08,7.192225408671041,-37.5,-47.5,6.393897599946293,0.0,0.1,0.1,0.0,0.0,0.1,0.1,0.0,0.0,0.1,0.1,H,P,104.0
105,-,0,H,H,O,14.851999999999999,-1.2285714285714289,"(False, 0.0)",R,106,2.645,2.0,4.49,4.49,0.06,0.06,2.66,2.66,1.83,1.83,4.43,4.43,5.552676439918418,-64.6,-34.8,4.277763396561793,0.008064516129032258,1.9,1.9,0.1,0.1,3.6,3.6,1.1,1.1,2.3,2.3,H,R,105.0
106,-,5,H,H,O,14.815999999999999,-1.1428571428571428,"(False, 0.0)",S,107,1.887,11.0,8.92,8.92,0.03,0.03,0.36,0.36,8.56,8.56,8.89,8.89,2.270585531230429,-62.0,-66.9,2.339114879113534,0.08461538461538462,7.5,7.5,0.1,0.1,0.8,0.8,12.0,12.0,11.9,11.9,H,S,106.0
107,-,0,H,H,O,14.472,-1.2857142857142858,"(False, 0.0)",I,108,0.122,1.0,1.09,1.09,0.0,0.0,1.09,1.09,0.0,0.0,1.09,1.09,4.062621945593398,-34.9,-46.8,4.959740023622588,0.005917159763313609,0.6,0.6,0.0,0.0,0.8,0.8,0.0,0.0,0.8,0.8,H,I,107.0
108,-,-5,H,H,O,14.472,-0.8,"(False, 0.0)",A,109,0.115,0.0,0.46,0.46,0.0,0.0,0.46,0.46,0.0,0.0,0.46,0.46,5.156941840106242,-36.7,-69.7,4.749888509483563,0.0,0.4,0.4,0.0,0.0,0.6,0.6,0.0,0.0,0.7,0.7,H,A,108.0
109,e,25,H,H,O,14.878,-0.6571428571428571,"(False, 0.0)",K,110,0.164,19.0,25.05,25.05,0.0,0.0,19.41,19.41,5.64,5.64,25.05,25.05,2.3249076469874383,-59.0,-60.0,2.490113917572604,0.09268292682926828,12.2,12.2,0.0,0.0,17.5,17.5,6.0,6.0,15.4,15.4,H,K,109.0
110,-,20,H,H,O,13.312000000000001,-1.042857142857143,"(False, 0.0)",R,111,0.219,67.0,69.21,69.21,7.91,7.91,34.03,34.03,35.18,35.18,61.31,61.31,1.9993429058089571,-29.7,-64.7,1.890875239941462,0.2701612903225806,29.1,29.1,18.8,18.8,46.5,46.5,21.3,21.3,31.3,31.3,H,R,110.0
111,-,-5,H,H,O,13.348000000000003,-1.8714285714285714,"(False, 0.0)",A,112,0.224,0.0,0.0,0.0,0.0,0.0,0.0,0.0,0.0,0.0,0.0,0.0,3.8818966584366916,-39.6,-78.9,4.0971280919635245,0.0,0.0,0.0,0.0,0.0,0.0,0.0,0.0,0.0,0.0,0.0,H,A,111.0
112,-,10,H,H,O,13.812000000000001,-1.5857142857142859,"(False, 0.0)",E,113,0.229,36.0,31.99,31.99,0.02,0.02,12.71,12.71,19.27,19.27,31.97,31.97,2.609533607090349,-32.9,-71.7,2.1933715302690096,0.1855670103092784,18.4,18.4,0.0,0.0,24.6,24.6,15.7,15.7,24.2,24.2,H,E,112.0
113,e,50,H,H,O,15.236,-1.6714285714285713,"(False, 0.0)",D,114,0.218,78.0,66.81,66.81,3.5,3.5,11.42,11.42,55.39,55.39,63.31,63.31,2.4449083927804165,-61.9,-30.9,1.8180064987935536,0.4785276073619632,46.8,46.8,8.3,8.3,26.9,26.9,55.2,55.2,63.0,63.0,H,D,113.0
114,-,15,H,H,O,15.792000000000002,-1.1428571428571428,"(False, 0.0)",Y,115,0.202,55.99999999999999,53.44,53.44,4.59,4.59,30.18,30.18,23.25,23.25,48.85,48.85,1.999280611511545,-61.7,-45.6,2.0097778164636035,0.25225225225225223,24.9,24.9,11.9,11.9,22.7,22.7,28.7,28.7,27.8,27.8,H,Y,114.0
115,-,0,H,H,O,14.972,-1.5,"(False, 0.0)",L,116,0.167,1.0,0.79,0.79,0.0,0.0,0.79,0.79,0.0,0.0,0.79,0.79,3.935004032930088,-41.4,-54.8,3.370923343257433,0.006097560975609756,0.4,0.4,0.0,0.0,0.6,0.6,0.0,0.0,0.6,0.6,H,L,115.0
116,e,45,H,H,O,15.789999999999997,-1.0571428571428572,"(False, 0.0)",R,117,0.14,133.0,131.01,131.01,14.98,14.98,19.94,19.94,111.07,111.07,116.03,116.03,2.503697850324676,-52.7,-37.3,2.011602093022041,0.5362903225806451,55.0,55.0,35.7,35.7,27.3,27.3,67.3,67.3,59.1,59.1,H,R,116.0
117,e,80,H,H,O,12.863999999999999,0.08571428571428563,"(False, 0.0)",S,118,0.211,93.0,94.14,94.14,40.99,40.99,64.93,64.93,29.21,29.21,53.16,53.16,1.9997286796225984,-79.1,6.3,1.7676363551032934,0.8773584905660378,86.6,86.6,93.2,93.2,91.4,91.4,77.4,77.4,82.0,82.0,T,A,117.0
118,e,30,H,H,O,12.863999999999999,0.5285714285714285,"(False, 0.0)",T,119,0.201,55.99999999999999,56.65,56.65,42.54,42.54,22.51,22.51,34.14,34.14,14.11,14.11,1.99933430010028,-96.4,-56.2,1.896959940470475,0.39436619718309857,40.3,40.3,101.4,101.4,30.2,30.2,51.6,51.6,14.3,14.3,T,T,118.0
119,e,40,C,S,O,12.308,-0.5142857142857143,"(False, 0.0)",G,120,0.183,43.0,42.89,42.89,42.89,42.89,26.68,26.68,16.21,16.21,0.0,0.0,1.9996634722881763,115.2,-13.1,1.792049747841988,0.5119047619047619,52.9,52.9,52.9,52.9,73.2,73.2,36.3,36.3,inf,inf,-,G,119.0
120,-,15,C,S,O,12.75,0.02857142857142847,"(False, 0.0)",I,121,0.16,31.0,34.55,34.55,13.29,13.29,29.55,29.55,5.0,5.0,21.27,21.27,1.9997076396875981,-44.0,-24.4,1.9280822463086669,0.1834319526627219,19.7,19.7,32.0,32.0,21.3,21.3,13.6,13.6,15.8,15.8,S,I,120.0
121,-,0,C,C,O,12.75,0.7428571428571429,"(False, 0.0)",A,122,0.135,0.0,0.2,0.2,0.2,0.2,0.0,0.0,0.2,0.2,0.0,0.0,2.0836052940575165,172.0,-177.6,2.6201184261865627,0.0,0.2,0.2,0.5,0.5,0.0,0.0,0.5,0.5,0.0,0.0,-,A,121.0
122,e,25,C,S,O,16.383999999999997,1.3857142857142857,"(False, 0.0)",D,123,0.095,51.00000000000001,46.41,46.41,2.5,2.5,14.88,14.88,31.53,31.53,43.92,43.92,2.773612677199842,-102.2,-31.3,2.0766221585528,0.3128834355828221,32.5,32.5,5.9,5.9,35.0,35.0,31.4,31.4,43.7,43.7,S,D,122.0
123,e,30,E,E,O,16.384,1.8428571428571427,"(False, 0.0)",T,124,0.083,61.0,53.45,53.45,1.76,1.76,31.43,31.43,22.02,22.02,51.69,51.69,1.9994277545908836,-149.3,137.0,2.2903285721170663,0.4295774647887324,38.0,38.0,4.2,4.2,42.2,42.2,33.3,33.3,52.4,52.4,E,T,123.0
124,-,0,E,E,O,18.044,1.1428571428571428,"(False, 0.0)",V,125,0.088,1.0,2.01,2.01,1.61,1.61,0.4,0.4,1.61,1.61,0.4,0.4,2.7059683747119267,-109.7,125.6,2.6953564108929453,0.007042253521126761,1.3,1.3,3.9,3.9,0.3,0.3,4.4,4.4,0.4,0.4,E,V,124.0
125,-,20,E,E,O,16.387999999999998,0.6571428571428573,"(False, 0.0)",L,126,0.081,39.0,41.18,41.18,0.17,0.17,41.18,41.18,0.0,0.0,41.0,41.0,2.5860805158149867,-100.9,143.3,2.1516739069648123,0.2378048780487805,22.9,22.9,0.4,0.4,28.9,28.9,0.0,0.0,29.3,29.3,E,L,125.0
126,-,-5,E,E,O,16.72,0.6571428571428571,"(False, 0.0)",F,127,0.071,0.0,0.32,0.32,0.32,0.32,0.32,0.32,0.0,0.0,0.0,0.0,1.9997776496999389,-133.3,134.5,3.873999433560551,0.0,0.2,0.2,0.8,0.8,0.2,0.2,0.0,0.0,0.0,0.0,E,F,126.0
127,-,10,E,E,O,15.120000000000001,0.5285714285714286,"(False, 0.0)",G,128,0.062,13.0,11.82,11.82,11.82,11.82,8.6,8.6,3.22,3.22,0.0,0.0,1.99942553009092,-136.9,93.4,1.7096442860359775,0.15476190476190474,14.6,14.6,14.6,14.6,23.6,23.6,7.2,7.2,inf,inf,E,G,127.0
128,-,0,E,E,O,14.325999999999999,-0.5714285714285714,"(False, 0.0)",P,129,0.05,6.0,4.9,4.9,4.55,4.55,0.36,0.36,4.55,4.55,0.36,0.36,2.988871883123886,-84.7,152.0,2.7795671230656844,0.04411764705882353,3.6,3.6,16.5,16.5,0.3,0.3,28.3,28.3,0.3,0.3,E,P,128.0
129,-,25,E,E,O,13.080000000000002,-0.7142857142857143,"(False, 0.0)",E,130,0.039,55.0,50.61,50.61,0.93,0.93,7.52,7.52,43.09,43.09,49.69,49.69,1.9997007339888944,-124.6,87.9,1.8479625011251297,0.28350515463917525,29.1,29.1,2.2,2.2,14.6,14.6,35.2,35.2,37.6,37.6,E,E,129.0
130,-,0,E,E,O,16.360000000000003,-0.7142857142857143,"(False, 0.0)",P,131,0.038,3.0,2.15,2.15,0.0,0.0,2.15,2.15,0.0,0.0,2.15,2.15,3.878122232652325,-92.1,129.2,4.0917211640746505,0.02205882352941177,1.6,1.6,0.0,0.0,1.8,1.8,0.0,0.0,2.0,2.0,-,P,130.0
131,-,5,C,C,O,16.834000000000003,-0.1142857142857144,"(False, 0.0)",E,132,0.042,10.0,16.54,16.54,0.0,0.0,0.91,0.91,15.63,15.63,16.54,16.54,4.1448815458041315,-103.9,164.7,3.2736287661992987,0.05154639175257732,9.5,9.5,0.0,0.0,1.8,1.8,12.8,12.8,12.5,12.5,E,E,131.0
132,-,-5,E,E,O,18.4,0.5142857142857141,"(False, 0.0)",F,133,0.042,0.0,0.0,0.0,0.0,0.0,0.0,0.0,0.0,0.0,0.0,0.0,6.6092484672883245,-153.5,169.8,7.423951378579332,0.0,0.0,0.0,0.0,0.0,0.0,0.0,0.0,0.0,0.0,0.0,E,F,132.0
133,-,0,E,E,O,18.874000000000002,0.5142857142857142,"(False, 0.0)",F,134,0.047,1.0,0.26,0.26,0.0,0.0,0.26,0.26,0.0,0.0,0.26,0.26,6.2185066377752065,-115.5,140.3,5.6955879576393755,0.005076142131979695,0.1,0.1,0.0,0.0,0.2,0.2,0.0,0.0,0.2,0.2,E,F,133.0
134,-,0,E,E,O,18.496,0.24285714285714274,"(False, 0.0)",L,135,0.047,0.0,0.14,0.14,0.0,0.0,0.14,0.14,0.0,0.0,0.14,0.14,6.790892855208456,-121.4,93.7,5.967237514386603,0.0,0.1,0.1,0.0,0.0,0.1,0.1,0.0,0.0,0.1,0.1,E,L,134.0
135,-,-5,E,E,O,16.872,1.3857142857142857,"(False, 0.0)",F,136,0.053,2.0,1.34,1.34,0.26,0.26,1.08,1.08,0.26,0.26,1.08,1.08,4.9085374654331835,-121.0,164.9,3.6979168187088,0.01015228426395939,0.7,0.7,0.7,0.7,0.7,0.7,0.7,0.7,0.7,0.7,E,F,135.0
136,e,25,C,S,O,17.192,0.3428571428571429,"(False, 0.0)",D,137,0.057,58.0,54.42,54.42,22.29,22.29,17.16,17.16,37.26,37.26,32.13,32.13,2.2789919889546697,-75.1,-52.3,1.9236777998459151,0.3558282208588957,38.1,38.1,52.7,52.7,40.4,40.4,37.2,37.2,32.0,32.0,S,D,136.0
137,-,10,E,E,O,15.768,0.3428571428571428,"(False, 0.0)",D,138,0.04,67.0,59.98,59.98,3.37,3.37,17.98,17.98,41.99,41.99,56.61,56.61,1.999730082517101,-134.3,133.9,2.063115201059133,0.4110429447852761,42.0,42.0,8.0,8.0,42.3,42.3,41.9,41.9,56.3,56.3,E,D,137.0
138,-,-5,E,E,O,15.768,-0.25714285714285723,"(False, 0.0)",I,139,0.043,55.0,59.57,59.57,21.56,21.56,38.01,38.01,21.56,21.56,38.01,38.01,2.4346870822292783,-136.2,105.1,2.017123447881355,0.3254437869822485,33.9,33.9,52.0,52.0,27.4,27.4,58.5,58.5,28.3,28.3,E,I,138.0
139,-,15,E,E,O,14.112,-0.7714285714285714,"(False, 0.0)",R,140,0.07,135.0,135.14,135.14,2.96,2.96,53.39,53.39,81.75,81.75,132.19,132.19,1.9994289812935704,-118.3,139.3,2.145085370395576,0.5443548387096774,56.7,56.7,7.0,7.0,73.0,73.0,49.5,49.5,67.4,67.4,E,R,139.0
140,-,5,E,E,O,13.669999999999998,-0.38571428571428573,"(False, 0.0)",F,141,0.078,141.0,136.06,136.06,25.69,25.69,110.38,110.38,25.69,25.69,110.38,110.38,2.3983981530198406,-169.0,169.3,1.8663983276000795,0.7157360406091371,68.1,68.1,66.8,66.8,66.9,66.9,73.5,73.5,68.4,68.4,E,F,140.0
141,-,10,E,E,O,11.284,0.7571428571428571,"(False, 0.0)",G,142,0.073,32.0,30.32,30.32,30.32,30.32,27.98,27.98,2.35,2.35,0.0,0.0,1.9994402146899397,176.1,172.8,1.7095117712385108,0.3809523809523809,37.4,37.4,37.4,37.4,76.8,76.8,5.3,5.3,inf,inf,E,G,141.0
142,e,30,E,E,O,12.708000000000002,-3.172065784643304e-17,"(False, 0.0)",S,143,0.055,52.0,54.23,54.23,33.41,33.41,22.25,22.25,31.98,31.98,20.82,20.82,1.9995858175554075,-159.0,146.8,1.767460890900847,0.490566037735849,49.9,49.9,76.0,76.0,31.3,31.3,84.7,84.7,32.1,32.1,E,A,142.0
143,e,55,C,C,O,10.642,0.5857142857142857,"(False, 0.0)",S,144,0.062,72.0,70.17,70.17,14.04,14.04,44.66,44.66,25.51,25.51,56.13,56.13,1.9995637649611209,178.0,116.5,1.855620336198976,0.5538461538461539,59.3,59.3,32.3,32.3,95.1,95.1,35.7,35.7,74.9,74.9,E,S,143.0
144,-,25,C,S,O,10.642,0.07142857142857142,"(False, 0.0)",I,145,0.084,169.0,197.62,197.62,58.73,58.73,153.41,153.41,44.22,44.22,138.9,138.9,1.999320869169589,24.9,-64.3,1.854549081624428,1.0,112.5,112.5,141.5,141.5,110.5,110.5,120.0,120.0,103.5,103.5,T,I,144.0
145,-,20,C,S,O,10.642,-0.32857142857142857,"(False, 0.0)",S,146,0.09,112.0,107.28,107.28,42.09,42.09,47.29,47.29,59.99,59.99,65.19,65.19,1.999672231572524,-71.6,-22.6,1.8361244240830448,0.8615384615384616,90.7,90.7,97.0,97.0,100.7,100.7,84.0,84.0,87.0,87.0,T,S,145.0
146,-,15,C,C,O,11.486,0.38571428571428573,"(False, 0.0)",G,147,0.096,37.0,40.46,40.46,40.46,40.46,36.01,36.01,4.46,4.46,0.0,0.0,1.9993555353837609,-177.1,-170.9,1.709533062718988,0.4404761904761905,49.9,49.9,49.9,49.9,98.8,98.8,10.0,10.0,inf,inf,E,G,146.0
147,-,5,E,E,O,11.52,0.7571428571428571,"(False, 0.0)",S,148,0.087,40.0,39.43,39.43,23.17,23.17,8.31,8.31,31.12,31.12,16.26,16.26,1.9994857616542487,-168.8,159.6,1.7528755515814156,0.3076923076923077,33.3,33.3,53.4,53.4,17.7,17.7,43.6,43.6,21.7,21.7,E,S,147.0
148,e,25,E,E,O,11.925999999999998,0.7571428571428571,"(False, 0.0)",H,149,0.093,102.0,99.86,99.86,11.66,11.66,71.32,71.32,28.54,28.54,88.2,88.2,1.999553760568234,171.5,176.4,1.7535448449752942,0.5543478260869565,54.6,54.6,29.8,29.8,73.5,73.5,33.2,33.2,61.3,61.3,E,H,148.0
149,-,0,E,E,O,15.526,0.3714285714285715,"(False, 0.0)",V,150,0.099,88.0,88.05,88.05,23.0,23.0,65.13,65.13,22.92,22.92,65.04,65.04,2.4842759747154943,-168.2,145.1,1.9031164863137924,0.6197183098591549,57.9,57.9,55.4,55.4,56.6,56.6,62.2,62.2,58.9,58.9,E,V,149.0
150,-,20,E,E,O,15.968,-0.07142857142857152,"(False, 0.0)",A,151,0.099,38.0,40.84,40.84,5.87,5.87,40.35,40.35,0.49,0.49,34.97,34.97,1.9999073209327185,-139.5,144.3,2.3737726533407386,0.3584905660377358,37.6,37.6,13.4,13.4,56.8,56.8,1.3,1.3,54.0,54.0,E,A,150.0
151,-,0,E,E,O,15.565999999999999,0.6857142857142857,"(False, 0.0)",I,152,0.121,35.0,33.44,33.44,13.17,13.17,20.68,20.68,12.76,12.76,20.27,20.27,2.408381137030154,-125.9,139.8,2.0035139255809282,0.20710059171597636,19.0,19.0,31.7,31.7,14.9,14.9,34.6,34.6,15.1,15.1,E,I,151.0
152,e,30,E,E,O,15.532,0.6428571428571429,"(False, 0.0)",D,153,0.198,59.0,55.46,55.46,0.06,0.06,13.7,13.7,41.76,41.76,55.4,55.4,2.874264409558958,-152.4,153.9,2.203148860984267,0.3619631901840491,38.8,38.8,0.1,0.1,32.2,32.2,41.6,41.6,55.1,55.1,E,D,152.0
153,-,0,C,C,O,15.945999999999998,-0.0142857142857143,"(False, 0.0)",D,154,0.226,0.0,0.36,0.36,0.36,0.36,0.36,0.36,0.0,0.0,0.0,0.0,1.9997888024361097,-176.6,119.9,3.062084117339929,0.0,0.2,0.2,0.8,0.8,0.8,0.8,0.0,0.0,0.0,0.0,-,D,153.0
154,e,40,C,T,O,12.346,-0.014285714285714235,"(False, 0.0)",I,155,0.221,80.0,87.42,87.42,4.49,4.49,83.1,83.1,4.32,4.32,82.93,82.93,2.4125233932674357,-41.5,117.5,1.9063197572332065,0.4733727810650887,49.7,49.7,10.8,10.8,59.8,59.8,11.7,11.7,61.8,61.8,S,I,154.0
155,-,0,C,T,O,12.309999999999999,-0.7857142857142858,"(False, 0.0)",E,156,0.249,3.0,1.8,1.8,0.21,0.21,1.79,1.79,0.01,0.01,1.58,1.58,1.9999796062690256,127.4,-166.4,2.5096077376658577,0.015463917525773196,1.0,1.0,0.5,0.5,3.5,3.5,0.0,0.0,1.2,1.2,-,E,155.0
156,-,-5,C,C,O,14.308000000000002,-0.7857142857142857,"(False, 0.0)",G,157,0.32,0.0,0.0,0.0,0.0,0.0,0.0,0.0,0.0,0.0,0.0,0.0,3.895728380024976,51.7,114.1,3.8161637475001102,0.0,0.0,0.0,0.0,0.0,0.0,0.0,0.0,0.0,inf,inf,T,G,156.0
157,-,25,H,G,O,12.592,-0.39999999999999997,"(False, 0.0)",A,158,0.313,34.0,35.09,35.09,5.92,5.92,35.09,35.09,0.0,0.0,29.16,29.16,1.9996021339067709,-35.9,-71.4,2.0650700071775665,0.3207547169811321,32.3,32.3,13.5,13.5,49.4,49.4,0.0,0.0,45.0,45.0,G,A,157.0
158,-,20,H,G,O,11.772,-1.157142857142857,"(False, 0.0)",W,159,0.297,100.0,102.73,102.73,23.21,23.21,89.99,89.99,12.74,12.74,79.52,79.52,1.9999504340248275,-14.0,-46.1,1.8082570065469297,0.4405286343612335,41.2,41.2,54.5,54.5,48.0,48.0,20.7,20.7,38.5,38.5,G,W,158.0
159,-,0,H,G,O,12.986,-0.7571428571428572,"(False, 0.0)",N,160,0.273,0.0,2.47,2.47,0.0,0.0,0.0,0.0,2.47,2.47,2.47,2.47,2.293098576249787,-64.0,-11.5,2.5873399976455858,0.0,1.7,1.7,0.0,0.0,0.0,0.0,2.4,2.4,2.4,2.4,G,N,159.0
160,-,10,C,T,O,13.84,-1.2,"(False, 0.0)",S,161,0.25,69.0,65.04,65.04,6.86,6.86,37.6,37.6,27.45,27.45,58.18,58.18,1.9995154741457877,-55.3,-68.5,1.9475168368686184,0.5307692307692308,55.0,55.0,15.8,15.8,80.1,80.1,38.5,38.5,77.6,77.6,S,S,160.0
161,e,35,C,T,O,12.396,-1.6428571428571428,"(False, 0.0)",S,162,0.36,105.0,106.45,106.45,44.81,44.81,63.04,63.04,43.41,43.41,61.64,61.64,1.9995019334296489,-39.2,-40.5,1.7395582498161823,0.8076923076923077,90.0,90.0,103.2,103.2,134.2,134.2,60.8,60.8,82.3,82.3,S,S,161.0
162,e,30,C,C,O,13.437999999999999,-2.014285714285714,"(False, 0.0)",T,163,0.279,51.0,54.24,54.24,8.33,8.33,43.96,43.96,10.27,10.27,45.9,45.9,1.9994946423473483,-50.5,132.0,1.8604949123654324,0.3591549295774648,38.6,38.6,19.9,19.9,59.1,59.1,15.5,15.5,46.5,46.5,-,T,162.0
163,e,75,C,S,O,14.258,-1.5714285714285714,"(False, 0.0)",Q,164,0.369,169.0,167.49,167.49,17.33,17.33,114.11,114.11,53.38,53.38,150.16,150.16,1.9994498156589082,-85.5,141.4,1.9175449122865085,0.824390243902439,81.7,81.7,41.3,41.3,102.7,102.7,56.9,56.9,92.1,92.1,-,K,163.0
164,e,30,E,B,O,13.044,-1.5142857142857145,"(False, 0.0)",Y,165,0.355,66.0,69.39,69.39,19.87,19.87,49.99,49.99,19.4,19.4,49.51,49.51,1.999597626394037,-121.5,-60.2,1.880116574416063,0.2972972972972973,32.4,32.4,51.7,51.7,37.6,37.6,23.9,23.9,28.2,28.2,-,Y,164.0
165,e,90,C,C,O,10.57,-1.9000000000000001,"(False, 0.0)",E,166,0.387,155.0,147.41,147.41,41.89,41.89,83.05,83.05,64.36,64.36,105.52,105.52,1.9994844142443324,136.1,-64.5,1.749879902754219,0.7989690721649485,84.6,84.6,99.7,99.7,160.6,160.6,52.5,52.5,79.8,79.8,S,E,165.0
166,e,65,C,T,O,10.244,-2.3571428571428568,"(False, 0.0)",G,167,0.354,60.0,62.74,62.74,62.74,62.74,42.41,42.41,20.33,20.33,0.0,0.0,1.999430162206561,-63.2,-15.3,1.7095892187494517,0.7142857142857143,77.4,77.4,77.4,77.4,116.4,116.4,45.5,45.5,inf,inf,S,G,166.0
167,-,15,C,T,O,9.78,-1.9142857142857146,"(False, 0.0)",G,168,0.361,24.0,22.53,22.53,22.53,22.53,18.24,18.24,4.29,4.29,0.0,0.0,1.9994242396653144,58.1,146.7,1.7095838886745305,0.2857142857142857,27.8,27.8,27.8,27.8,50.1,50.1,9.6,9.6,inf,inf,-,G,167.0
168,-,0,C,C,O,7.746,-2.185714285714286,"(False, 0.0)",N,169,0.36,36.0,36.24,36.24,7.65,7.65,27.01,27.01,9.24,9.24,28.6,28.6,1.9993607325435745,4.0,-73.3,1.8791500281431848,0.22929936305732485,25.0,25.0,18.4,18.4,65.0,65.0,8.9,8.9,27.6,27.6,-,N,168.0
169,-,20,C,C,O,9.804,-2.3285714285714287,"(False, 0.0)",K,170,0.38,153.0,153.0,153.0,30.32,30.32,96.03,96.03,56.98,56.98,122.68,122.68,1.9997188168431608,72.6,-0.4,1.8706812157066253,0.7463414634146341,74.6,74.6,72.2,72.2,86.4,86.4,60.7,60.7,75.3,75.3,-,K,169.0
170,-,5,C,C,O,11.98,-2.5,"(False, 0.0)",G,171,0.384,47.0,46.29,46.29,46.29,46.29,21.39,21.39,24.9,24.9,0.0,0.0,1.9993925623189188,19.5,8.1,1.7096090741268941,0.5595238095238095,57.1,57.1,57.1,57.1,58.7,58.7,55.8,55.8,inf,inf,-,G,170.0
171,-,5,C,C,O,12.902000000000001,-2.185714285714286,"(False, 0.0)",H,172,0.216,127.0,121.36,121.36,15.05,15.05,61.55,61.55,59.8,59.8,106.31,106.31,1.9997789580308318,-86.2,115.2,1.8350239479917525,0.6902173913043478,66.3,66.3,38.5,38.5,63.4,63.4,69.6,69.6,73.9,73.9,-,H,171.0
172,-,10,C,C,O,12.059999999999999,-1.0857142857142859,"(False, 0.0)",R,173,0.177,42.0,39.07,39.07,26.53,26.53,9.32,9.32,29.76,29.76,12.55,12.55,2.3636560598767304,-163.5,163.0,2.1408057876158613,0.1693548387096774,16.4,16.4,63.2,63.2,12.7,12.7,18.0,18.0,6.4,6.4,-,R,172.0
173,-,0,C,C,O,15.693999999999999,-1.0857142857142856,"(False, 0.0)",P,174,0.134,4.0,4.81,4.81,3.89,3.89,4.81,4.81,0.0,0.0,0.91,0.91,1.9998266208649296,-93.5,119.3,2.3196249369801043,0.029411764705882356,3.5,3.5,14.2,14.2,4.0,4.0,0.0,0.0,0.8,0.8,-,P,173.0
174,e,45,C,C,O,16.098000000000003,-1.0857142857142859,"(False, 0.0)",A,175,0.116,45.0,44.63,44.63,44.63,44.63,20.81,20.81,23.82,23.82,0.0,0.0,1.999624793319222,-83.3,108.2,1.7759808402970785,0.5357142857142857,55.0,55.0,55.0,55.0,57.1,57.1,53.4,53.4,inf,inf,-,G,174.0
175,e,50,C,T,O,13.922,-0.6857142857142857,"(False, 0.0)",V,176,0.182,68.0,72.5,72.5,0.22,0.22,72.5,72.5,0.0,0.0,72.28,72.28,2.4875072919669785,39.3,174.7,2.1506435096054406,0.4788732394366197,47.7,47.7,0.5,0.5,63.0,63.0,0.0,0.0,65.4,65.4,S,V,175.0
176,e,55,C,C,O,11.116,-0.2285714285714286,"(False, 0.0)",K,177,0.291,136.0,138.26,138.26,26.93,26.93,79.88,79.88,58.38,58.38,111.33,111.33,1.9996498109252496,-21.7,74.9,1.89689554222435,0.6634146341463415,67.5,67.5,64.1,64.1,71.9,71.9,62.2,62.2,68.3,68.3,S,K,176.0
177,e,35,C,C,O,12.422,0.4,"(False, 0.0)",G,178,0.302,32.0,31.24,31.24,31.24,31.24,19.45,19.45,11.79,11.79,0.0,0.0,1.9994667400811152,-167.0,24.1,1.972387790965292,0.3809523809523809,38.5,38.5,38.5,38.5,53.4,53.4,26.4,26.4,inf,inf,-,G,177.0
178,-,0,C,C,O,12.068000000000001,-0.08571428571428574,"(False, 0.0)",G,179,0.289,0.0,0.38,0.38,0.38,0.38,0.38,0.38,0.0,0.0,0.0,0.0,3.455395951574842,-92.6,91.4,3.2836440202874,0.0,0.5,0.5,0.5,0.5,1.0,1.0,0.0,0.0,inf,inf,-,G,178.0
179,-,10,C,T,O,12.412,-0.0857142857142857,"(False, 0.0)",Y,180,0.294,94.0,89.72,89.72,12.99,12.99,60.75,60.75,28.96,28.96,76.73,76.73,2.3215615668371536,-130.5,62.4,2.2182273861292843,0.4234234234234234,41.9,41.9,33.8,33.8,45.7,45.7,35.7,35.7,43.7,43.7,S,Y,179.0
180,-,0,C,T,O,16.046,0.24285714285714283,"(False, 0.0)",F,181,0.316,110.0,111.35,111.35,21.04,21.04,94.79,94.79,16.55,16.55,90.31,90.31,1.9998087845910164,59.1,17.4,1.9277061711099184,0.5583756345177665,55.7,55.7,54.7,54.7,57.5,57.5,47.4,47.4,55.9,55.9,S,F,180.0
181,-,10,E,B,O,18.852000000000004,0.07142857142857137,"(False, 0.0)",P,182,0.307,45.0,46.48,46.48,8.56,8.56,46.01,46.01,0.47,0.47,37.92,37.92,1.9996862770456116,-65.8,137.3,2.0014397931382484,0.3308823529411765,33.9,33.9,31.1,31.1,38.0,38.0,2.9,2.9,34.6,34.6,-,P,181.0
182,-,0,C,C,O,18.732,0.7285714285714285,"(False, 0.0)",V,183,0.282,109.0,111.88,111.88,4.7,4.7,108.43,108.43,3.45,3.45,107.18,107.18,1.9999373925369897,-62.2,140.4,1.9020124578092843,0.7676056338028169,73.6,73.6,11.3,11.3,94.2,94.2,9.4,9.4,97.0,97.0,-,V,182.0
183,-,5,C,T,O,19.086000000000002,0.41428571428571426,"(False, 0.0)",P,184,0.347,57.0,62.78,62.78,1.0,1.0,61.79,61.79,0.99,0.99,61.79,61.79,2.4428106210255374,-0.1,-84.5,1.9805372712521312,0.4191176470588235,45.8,45.8,3.6,3.6,51.0,51.0,6.2,6.2,56.3,56.3,G,P,183.0
184,-,10,C,T,O,17.936,-0.10000000000000002,"(True, 0.509)",P,185,0.584,101.0,102.83,102.83,34.38,34.38,82.49,82.49,20.33,20.33,68.44,68.44,1.9995853512048007,-19.2,-47.1,1.8939468616273047,0.7426470588235294,74.9,74.9,125.0,125.0,68.1,68.1,126.4,126.4,62.4,62.4,G,P,184.0
185,-,5,C,T,O,15.516,0.38571428571428573,"(False, 0.0)",V,186,0.571,37.0,36.95,36.95,2.39,2.39,35.32,35.32,1.63,1.63,34.56,34.56,2.2199061843295773,-73.4,-21.3,2.0701587738220537,0.2605633802816901,24.3,24.3,5.8,5.8,30.7,30.7,4.4,4.4,31.3,31.3,G,V,185.0
186,-,0,C,S,O,14.330000000000002,-0.7142857142857142,"(False, 0.0)",D,187,0.584,9.0,8.12,8.12,4.41,4.41,0.79,0.79,7.33,7.33,3.71,3.71,2.759576570599376,-100.5,90.1,2.201677781363599,0.05521472392638037,5.7,5.7,10.4,10.4,1.9,1.9,7.3,7.3,3.7,3.7,S,D,186.0
187,e,35,C,C,O,13.734,-0.9857142857142857,"(False, 0.0)",S,188,0.573,41.0,38.37,38.37,37.37,37.37,13.42,13.42,24.95,24.95,1.0,1.0,1.9994855586316616,-13.9,-46.6,1.9687589289866851,0.3153846153846154,32.4,32.4,86.1,86.1,28.6,28.6,35.0,35.0,1.3,1.3,S,S,187.0
188,-,5,C,C,O,11.756,-0.11428571428571435,"(False, 0.0)",A,189,0.583,21.0,25.59,25.59,0.72,0.72,25.59,25.59,0.0,0.0,24.87,24.87,1.9999449730246717,143.2,149.6,2.6420757049461074,0.19811320754716985,23.5,23.5,1.6,1.6,36.0,36.0,0.0,0.0,38.4,38.4,-,A,188.0
189,-,0,H,H,O,13.7,-1.3571428571428572,"(False, 0.0)",Q,190,0.574,76.0,72.86,72.86,0.0,0.0,14.43,14.43,58.44,58.44,72.86,72.86,2.6868665307263053,-76.9,-80.9,2.19606585181403,0.3838383838383838,40.7,40.7,0.0,0.0,30.7,30.7,44.3,44.3,53.3,53.3,S,Q,189.0
190,e,35,H,H,O,14.662,-0.9714285714285715,"(False, 0.0)",D,191,0.528,111.0,96.69,96.69,1.99,1.99,30.45,30.45,66.24,66.24,94.7,94.7,1.9995400829528303,-17.9,-47.7,1.7759690815578015,0.6809815950920245,67.7,67.7,4.7,4.7,71.7,71.7,66.1,66.1,94.3,94.3,T,D,190.0
191,-,5,H,H,O,14.256,-1.3571428571428572,"(False, 0.0)",I,192,0.526,8.0,8.69,8.69,0.0,0.0,8.69,8.69,0.0,0.0,8.69,8.69,3.074963748049563,-58.1,-47.4,3.076618715114721,0.04733727810650888,4.9,4.9,0.0,0.0,6.3,6.3,0.0,0.0,6.5,6.5,H,I,191.0
192,-,-5,H,H,O,14.079999999999998,-1.3428571428571427,"(False, 0.0)",R,193,0.524,10.0,9.74,9.74,0.0,0.0,0.0,0.0,9.74,9.74,9.74,9.74,5.075467396566581,-68.2,-70.5,3.899059525384624,0.04032258064516129,4.1,4.1,0.0,0.0,0.0,0.0,5.9,5.9,5.0,5.0,H,R,192.0
193,-,0,H,H,O,14.994,-0.48571428571428565,"(False, 0.0)",S,194,0.353,38.0,34.8,34.8,4.5,4.5,28.25,28.25,6.55,6.55,30.3,30.3,1.9996025624244425,-25.8,-63.7,2.04235694998009,0.2923076923076923,29.4,29.4,10.4,10.4,60.2,60.2,9.2,9.2,40.4,40.4,H,S,193.0
194,-,20,H,H,O,13.406,0.5571428571428572,"(False, 0.0)",E,195,0.1,52.99999999999999,45.14,45.14,2.26,2.26,3.4,3.4,41.74,41.74,42.88,42.88,2.0000395027000044,-46.8,-52.1,2.096137939215593,0.27319587628865977,25.9,25.9,5.4,5.4,6.6,6.6,34.1,34.1,32.4,32.4,H,E,194.0
195,-,-5,H,H,O,14.830000000000002,0.5142857142857143,"(False, 0.0)",M,196,0.081,0.0,0.0,0.0,0.0,0.0,0.0,0.0,0.0,0.0,0.0,0.0,5.3290860330041445,-54.6,-35.0,5.962649635144246,0.0,0.0,0.0,0.0,0.0,0.0,0.0,0.0,0.0,0.0,0.0,H,M,195.0
196,-,0,H,H,O,17.25,1.4285714285714286,"(False, 0.0)",C,197,0.064,10.0,10.25,10.25,0.0,0.0,9.5,9.5,0.75,0.75,10.25,10.25,2.94711526640816,-65.2,-63.5,2.7265890858288357,0.07407407407407407,7.8,7.8,0.0,0.0,24.1,24.1,0.8,0.8,11.4,11.4,H,C,196.0
197,-,20,H,H,O,17.786,1.042857142857143,"(False, 0.0)",L,198,0.051,109.0,117.01,117.01,4.2,4.2,114.43,114.43,2.58,2.58,112.8,112.8,1.999629017767016,-34.1,-62.7,1.9462252586343016,0.6646341463414634,65.2,65.2,10.6,10.6,80.4,80.4,6.9,6.9,80.7,80.7,H,L,197.0
198,-,0,H,H,O,17.25,1.0428571428571427,"(False, 0.0)",V,199,0.052,5.0,6.83,6.83,0.0,0.0,6.83,6.83,0.0,0.0,6.83,6.83,3.08413645375408,-60.7,-39.6,3.1368302062064104,0.035211267605633804,4.5,4.5,0.0,0.0,5.9,5.9,0.0,0.0,6.2,6.2,H,V,198.0
199,-,-5,H,H,O,17.448,1.042857142857143,"(False, 0.0)",M,200,0.066,0.0,0.0,0.0,0.0,0.0,0.0,0.0,0.0,0.0,0.0,0.0,4.672767144188518,-52.3,-54.0,5.0213517696348795,0.0,0.0,0.0,0.0,0.0,0.0,0.0,0.0,0.0,0.0,0.0,H,M,199.0
200,e,30,H,H,O,16.418,0.6285714285714287,"(False, 0.0)",E,201,0.068,84.0,75.63,75.63,8.22,8.22,22.09,22.09,53.54,53.54,67.41,67.41,1.999847370905141,-61.6,-50.0,1.9014963722201328,0.4329896907216495,43.4,43.4,19.6,19.6,42.7,42.7,43.7,43.7,51.0,51.0,H,E,200.0
201,e,60,H,H,O,12.784,0.6285714285714287,"(False, 0.0)",Q,202,0.067,132.0,121.11,121.11,39.7,39.7,32.74,32.74,88.37,88.37,81.41,81.41,1.999611926206029,-42.5,-50.9,1.7793423605909355,0.6666666666666666,67.7,67.7,94.5,94.5,69.7,69.7,67.0,67.0,59.5,59.5,H,Q,201.0
202,-,5,C,T,O,13.813999999999998,0.6285714285714284,"(False, 0.0)",M,203,0.059,17.0,13.96,13.96,12.92,12.92,0.67,0.67,13.29,13.29,1.05,1.05,1.9996196109878497,-63.9,-20.1,2.2694379531035027,0.09042553191489362,7.2,7.2,30.8,30.8,0.6,0.6,17.6,17.6,0.7,0.7,H,M,202.0
203,e,60,C,T,O,15.413999999999998,0.9571428571428571,"(False, 0.0)",G,204,0.062,53.0,56.1,56.1,56.1,56.1,28.68,28.68,27.42,27.42,0.0,0.0,1.999373403934452,115.6,7.8,1.8018751390376164,0.6309523809523809,69.2,69.2,69.2,69.2,78.7,78.7,61.4,61.4,inf,inf,T,G,203.0
204,-,0,C,C,O,16.838,0.9571428571428571,"(False, 0.0)",L,205,0.058,8.0,7.61,7.61,4.36,4.36,4.36,4.36,3.25,3.25,3.26,3.26,1.9995201976549024,-94.8,172.6,1.999910814517674,0.04878048780487805,4.2,4.2,10.9,10.9,3.1,3.1,8.7,8.7,2.3,2.3,-,L,204.0
205,e,25,C,C,O,16.302,1.7142857142857142,"(False, 0.0)",V,206,0.061,54.0,61.38,61.38,1.16,1.16,60.22,60.22,1.16,1.16,60.22,60.22,2.0719537806347006,-115.7,123.4,2.2581078144130955,0.38028169014084506,40.4,40.4,2.8,2.8,52.3,52.3,3.2,3.2,54.5,54.5,-,V,205.0
206,-,0,E,E,O,17.921999999999997,0.9857142857142858,"(False, 0.0)",V,207,0.065,29.0,31.65,31.65,17.21,17.21,14.43,14.43,17.21,17.21,14.43,14.43,2.627988686332692,-89.7,142.5,2.1828910488373725,0.20422535211267606,20.8,20.8,41.5,41.5,12.5,12.5,46.7,46.7,13.1,13.1,E,V,206.0
207,e,35,E,E,O,16.380000000000003,0.5857142857142856,"(False, 0.0)",E,208,0.064,122.0,106.1,106.1,32.01,32.01,20.97,20.97,85.14,85.14,74.09,74.09,1.9994960433989395,-117.3,-12.3,1.7778135600123457,0.6288659793814433,60.9,60.9,76.2,76.2,40.6,40.6,69.5,69.5,56.1,56.1,E,E,207.0
208,-,10,E,E,O,14.803999999999998,-0.4142857142857143,"(False, 0.0)",A,209,0.059,57.0,60.34,60.34,13.78,13.78,59.75,59.75,0.59,0.59,46.56,46.56,1.9996522394039624,153.8,150.1,1.8937819219949619,0.5377358490566038,55.5,55.5,31.3,31.3,84.1,84.1,1.6,1.6,71.9,71.9,E,A,208.0
209,-,0,E,E,O,13.228,-1.5142857142857145,"(False, 0.0)",H,210,0.065,42.0,42.02,42.02,16.92,16.92,20.11,20.11,21.91,21.91,25.11,25.11,2.5046430729391003,-137.9,159.1,1.9030361699175689,0.22826086956521735,23.0,23.0,43.3,43.3,20.7,20.7,25.5,25.5,17.5,17.5,E,H,209.0
210,-,10,E,E,O,13.228,-1.5142857142857145,"(False, 0.0)",H,211,0.091,44.0,45.79,45.79,0.31,0.31,31.71,31.71,14.09,14.09,45.48,45.48,1.9995945134533752,176.7,175.5,2.3456406762085305,0.2391304347826087,25.0,25.0,0.8,0.8,32.7,32.7,16.4,16.4,31.6,31.6,E,H,210.0
211,-,0,E,E,O,15.241999999999999,-0.7571428571428572,"(False, 0.0)",H,212,0.156,3.0,2.05,2.05,0.11,0.11,1.87,1.87,0.18,0.18,1.94,1.94,3.1475179258992547,-84.3,133.4,3.997846321940701,0.016304347826086956,1.1,1.1,0.3,0.3,1.9,1.9,0.2,0.2,1.3,1.3,E,H,211.0
212,-,5,C,C,O,14.803999999999998,-1.1142857142857143,"(False, 0.0)",E,213,0.19,23.0,21.81,21.81,0.0,0.0,0.0,0.0,21.81,21.81,21.81,21.81,4.1075597929122685,-85.6,-152.8,3.2741514410340464,0.11855670103092784,12.5,12.5,0.0,0.0,0.0,0.0,17.8,17.8,16.5,16.5,-,E,212.0
213,-,10,C,S,O,15.219999999999999,-0.4000000000000001,"(False, 0.0)",V,214,0.19,26.0,29.23,29.23,0.0,0.0,29.23,29.23,0.0,0.0,29.23,29.23,3.5364634040529284,-104.4,44.6,2.837268150621553,0.18309859154929575,19.2,19.2,0.0,0.0,25.4,25.4,0.0,0.0,26.5,26.5,S,V,213.0
214,-,-5,C,S,O,14.782,3.172065784643304e-17,"(False, 0.0)",A,215,0.18,0.0,0.0,0.0,0.0,0.0,0.0,0.0,0.0,0.0,0.0,0.0,5.36822192525141,-134.2,117.0,5.184115601457959,0.0,0.0,0.0,0.0,0.0,0.0,0.0,0.0,0.0,0.0,0.0,-,A,214.0
215,-,-5,C,S,O,12.748,-0.0428571428571428,"(False, 0.0)",T,216,0.192,3.0,2.59,2.59,0.0,0.0,1.38,1.38,1.22,1.22,2.59,2.59,3.75508557713872,-3.1,-53.8,3.2613769946116316,0.02112676056338028,1.8,1.8,0.0,0.0,1.8,1.8,1.8,1.8,2.6,2.6,T,T,215.0
216,-,-5,C,T,O,11.324,-0.0428571428571428,"(False, 0.0)",A,217,0.192,0.0,0.0,0.0,0.0,0.0,0.0,0.0,0.0,0.0,0.0,0.0,5.040633806267324,-123.2,75.2,5.208121116869692,0.0,0.0,0.0,0.0,0.0,0.0,0.0,0.0,0.0,0.0,0.0,T,A,216.0
217,-,0,C,T,O,11.588,-1.1428571428571428,"(False, 0.0)",G,218,0.189,0.0,0.0,0.0,0.0,0.0,0.0,0.0,0.0,0.0,0.0,0.0,6.130350837144232,78.7,40.2,6.858331013481893,0.0,0.0,0.0,0.0,0.0,0.0,0.0,0.0,0.0,inf,inf,T,G,217.0
218,-,-5,E,E,O,11.148,-0.7999999999999999,"(False, 0.0)",Q,219,0.177,0.0,0.0,0.0,0.0,0.0,0.0,0.0,0.0,0.0,0.0,0.0,7.188919000130903,-80.1,118.4,5.645543432435536,0.0,0.0,0.0,0.0,0.0,0.0,0.0,0.0,0.0,0.0,0.0,E,Q,218.0
219,-,0,E,E,O,13.162,-0.4428571428571428,"(False, 0.0)",N,220,0.172,0.0,0.0,0.0,0.0,0.0,0.0,0.0,0.0,0.0,0.0,0.0,7.1045667095726905,-126.1,144.0,6.725283335355365,0.0,0.0,0.0,0.0,0.0,0.0,0.0,0.0,0.0,0.0,0.0,E,N,219.0
220,-,5,E,E,O,14.782,-0.7999999999999999,"(False, 0.0)",E,221,0.134,20.0,20.03,20.03,0.0,0.0,2.51,2.51,17.52,17.52,20.03,20.03,4.024363483989103,-135.5,135.9,2.9288191995443147,0.10309278350515463,11.5,11.5,0.0,0.0,4.9,4.9,14.3,14.3,15.2,15.2,E,E,220.0
221,-,-5,E,E,O,15.045999999999998,-1.3857142857142857,"(False, 0.0)",V,222,0.064,0.0,0.14,0.14,0.14,0.14,0.05,0.05,0.1,0.1,0.0,0.0,3.9662872809389613,-127.0,127.3,4.335049049116817,0.0,0.1,0.1,0.3,0.3,0.0,0.0,0.3,0.3,0.0,0.0,E,V,221.0
222,-,20,E,E,O,15.338,-0.48571428571428565,"(False, 0.0)",A,223,0.05,28.0,31.53,31.53,0.52,0.52,31.34,31.34,0.19,0.19,31.01,31.01,2.200120988466741,-104.4,146.6,2.5984429178007487,0.2641509433962264,29.0,29.0,1.2,1.2,44.1,44.1,0.5,0.5,47.9,47.9,E,A,222.0
223,-,5,E,E,O,16.584,-0.48571428571428577,"(False, 0.0)",T,224,0.066,13.999999999999998,10.44,10.44,8.04,8.04,2.54,2.54,7.9,7.9,2.41,2.41,2.3749090199812297,-138.9,128.1,2.5207906987960293,0.09859154929577464,7.4,7.4,19.2,19.2,3.4,3.4,11.9,11.9,2.4,2.4,E,T,223.0
224,e,35,C,C,O,14.834,-0.08571428571428578,"(False, 0.0)",R,225,0.07,107.0,104.9,104.9,1.92,1.92,22.18,22.18,82.72,82.72,102.98,102.98,1.9997808221886304,-51.1,127.4,1.9052935668333453,0.4314516129032258,44.0,44.0,4.6,4.6,30.3,30.3,50.1,50.1,52.5,52.5,-,R,224.0
225,e,45,C,C,O,15.687999999999999,-0.4142857142857142,"(False, 0.0)",F,226,0.087,98.0,99.25,99.25,5.41,5.41,93.84,93.84,5.41,5.41,93.84,93.84,2.2984998730975543,-37.3,163.2,1.88311721929497,0.4974619289340101,49.7,49.7,14.1,14.1,56.9,56.9,15.5,15.5,58.1,58.1,-,F,225.0
226,-,20,E,E,O,15.783999999999997,-0.7714285714285715,"(False, 0.0)",N,227,0.087,47.0,41.52,41.52,2.53,2.53,2.8,2.8,38.72,38.72,38.99,38.99,1.999960286334316,-156.0,-135.5,2.034590943538673,0.29936305732484075,28.6,28.6,6.1,6.1,6.7,6.7,37.4,37.4,37.7,37.7,-,N,226.0
227,e,25,E,E,O,16.082,-1.2285714285714284,"(False, 0.0)",T,228,0.084,38.0,40.92,40.92,0.0,0.0,30.01,30.01,10.9,10.9,40.92,40.92,2.9171809348401787,-126.8,144.6,2.4881893068655603,0.2676056338028169,29.1,29.1,0.0,0.0,40.3,40.3,16.5,16.5,41.5,41.5,-,T,227.0
228,-,0,H,H,O,15.264,-1.1428571428571428,"(False, 0.0)",M,229,0.131,1.0,0.66,0.66,0.0,0.0,0.07,0.07,0.59,0.59,0.66,0.66,4.152666430340958,-46.0,-68.4,4.385385373956867,0.0053191489361702135,0.3,0.3,0.0,0.0,0.1,0.1,0.8,0.8,0.4,0.4,H,M,228.0
229,-,0,H,H,O,15.841999999999999,-1.2857142857142858,"(False, 0.0)",T,230,0.14,3.0,3.97,3.97,0.0,0.0,3.97,3.97,0.0,0.0,3.97,3.97,2.3053662890426594,-44.0,-46.4,2.4110087232349566,0.02112676056338028,2.8,2.8,0.0,0.0,5.3,5.3,0.0,0.0,4.0,4.0,H,T,229.0
230,e,45,H,H,O,14.988,-1.2857142857142858,"(False, 0.0)",K,231,0.139,87.0,92.36,92.36,1.47,1.47,54.31,54.31,38.05,38.05,90.89,90.89,2.524425986972048,-65.7,-62.1,2.0579743122483216,0.42439024390243896,45.1,45.1,3.5,3.5,48.9,48.9,40.5,40.5,55.8,55.8,H,K,230.0
231,-,0,H,H,O,14.074000000000002,-1.6857142857142857,"(False, 0.0)",K,232,0.134,1.0,0.46,0.46,0.0,0.0,0.46,0.46,0.0,0.0,0.46,0.46,3.8657658586156542,-50.4,-52.7,3.9478908610023975,0.004878048780487805,0.2,0.2,0.0,0.0,0.4,0.4,0.0,0.0,0.3,0.3,H,K,231.0
232,-,0,H,H,O,13.634,-1.3142857142857143,"(False, 0.0)",A,233,0.145,1.0,0.53,0.53,0.0,0.0,0.53,0.53,0.0,0.0,0.53,0.53,5.230174410447113,-42.2,-57.2,4.924826811700936,0.009433962264150943,0.5,0.5,0.0,0.0,0.8,0.8,0.0,0.0,0.8,0.8,H,A,232.0
233,-,5,H,H,O,14.772,-1.7142857142857142,"(False, 0.0)",D,234,0.122,12.0,10.59,10.59,1.23,1.23,1.85,1.85,8.74,8.74,9.36,9.36,2.449994559545018,-64.5,-22.1,1.950689772521238,0.0736196319018405,7.4,7.4,2.9,2.9,4.3,4.3,8.7,8.7,9.3,9.3,H,D,233.0
234,-,10,H,H,O,14.52,-0.5142857142857142,"(False, 0.0)",E,235,0.081,31.0,28.46,28.46,2.71,2.71,7.26,7.26,21.2,21.2,25.74,25.74,1.9994706796833512,-69.5,-36.6,2.0984873280067764,0.15979381443298968,16.3,16.3,6.5,6.5,14.0,14.0,17.3,17.3,19.5,19.5,H,E,234.0
235,-,0,H,H,O,16.5,-0.14285714285714285,"(False, 0.0)",I,236,0.061,4.0,2.3,2.3,0.0,0.0,2.3,2.3,0.0,0.0,2.3,2.3,5.201654940305184,-57.9,-41.0,4.934196427925303,0.02366863905325444,1.3,1.3,0.0,0.0,1.7,1.7,0.0,0.0,1.7,1.7,H,I,235.0
236,-,0,H,H,O,17.770000000000003,-0.9571428571428571,"(False, 0.0)",Q,237,0.062,3.0,2.42,2.42,1.24,1.24,0.47,0.47,1.95,1.95,1.18,1.18,2.1161414937922354,-53.9,-36.2,2.1411905523561217,0.015151515151515154,1.4,1.4,2.9,2.9,1.0,1.0,1.5,1.5,0.9,0.9,H,Q,236.0
237,-,10,H,H,O,18.198,-0.6428571428571429,"(False, 0.0)",I,238,0.062,24.0,22.22,22.22,0.0,0.0,22.22,22.22,0.0,0.0,22.22,22.22,3.939890380725847,-81.4,-52.4,3.0079106339134807,0.14201183431952666,12.6,12.6,0.0,0.0,16.0,16.0,0.0,0.0,16.6,16.6,H,I,237.0
238,-,0,H,H,O,17.524,0.4571428571428572,"(False, 0.0)",Y,239,0.053,2.0,0.69,0.69,0.0,0.0,0.69,0.69,0.0,0.0,0.69,0.69,5.286426828466928,-37.6,-43.6,5.706120749599403,0.009009009009009007,0.3,0.3,0.0,0.0,0.5,0.5,0.0,0.0,0.4,0.4,H,Y,238.0
239,-,0,H,H,O,18.948,0.41428571428571415,"(False, 0.0)",K,240,0.042,16.0,17.93,17.93,0.0,0.0,17.06,17.06,0.87,0.87,17.93,17.93,2.837117897660584,-69.7,-64.3,2.501921299777639,0.07804878048780488,8.7,8.7,0.0,0.0,15.4,15.4,0.9,0.9,11.0,11.0,H,K,239.0
240,-,0,H,H,O,18.982,0.4571428571428572,"(False, 0.0)",Y,241,0.041,31.0,31.22,31.22,4.99,4.99,27.47,27.47,3.75,3.75,26.23,26.23,1.99967516272171,-43.6,-41.7,2.256168723170225,0.13963963963963966,14.6,14.6,13.0,13.0,20.6,20.6,4.6,4.6,14.9,14.9,H,Y,240.0
241,-,-5,H,H,O,18.113999999999997,-0.6857142857142854,"(False, 0.0)",V,242,0.044,0.0,0.02,0.02,0.02,0.02,0.02,0.02,0.0,0.0,0.0,0.0,4.764090371223613,-68.1,-45.7,5.321758195275082,0.0,0.0,0.0,0.1,0.1,0.0,0.0,0.0,0.0,0.0,0.0,H,V,241.0
242,-,-5,H,H,O,17.536,0.10000000000000002,"(False, 0.0)",V,243,0.052,0.0,0.0,0.0,0.0,0.0,0.0,0.0,0.0,0.0,0.0,0.0,5.64935179533813,-57.7,-64.9,5.408008571038431,0.0,0.0,0.0,0.0,0.0,0.0,0.0,0.0,0.0,0.0,0.0,I,V,242.0
243,-,0,H,H,O,18.244,0.9142857142857145,"(False, 0.0)",H,244,0.053,78.0,78.34,78.34,3.75,3.75,50.27,50.27,28.07,28.07,74.6,74.6,2.0388428085371526,-37.5,-48.6,1.9288370175747251,0.4239130434782609,42.8,42.8,9.6,9.6,51.8,51.8,32.7,32.7,51.9,51.9,I,H,243.0
244,-,5,H,H,O,16.23,0.6428571428571429,"(False, 0.0)",N,245,0.044,53.0,48.13,48.13,0.32,0.32,0.37,0.37,47.75,47.75,47.81,47.81,1.9998192302951203,-75.9,-54.4,2.05951052890648,0.3375796178343949,33.2,33.2,0.8,0.8,0.9,0.9,46.2,46.2,46.2,46.2,I,N,244.0
245,-,0,H,H,O,14.654000000000002,-0.6,"(False, 0.0)",V,246,0.051,0.0,1.19,1.19,0.0,0.0,1.19,1.19,0.0,0.0,1.19,1.19,3.7862956765033666,-62.2,-48.1,4.39647558360929,0.0,0.8,0.8,0.0,0.0,1.0,1.0,0.0,0.0,1.1,1.1,I,V,245.0
246,-,-5,H,H,O,14.772,-0.8,"(False, 0.0)",A,247,0.052,0.0,0.0,0.0,0.0,0.0,0.0,0.0,0.0,0.0,0.0,0.0,4.619619410848877,-46.0,-45.8,4.024880996795961,0.0,0.0,0.0,0.0,0.0,0.0,0.0,0.0,0.0,0.0,0.0,I,A,246.0
247,e,45,H,H,O,16.168,-0.4,"(False, 0.0)",H,248,0.09,123.0,124.68,124.68,8.07,8.07,83.27,83.27,41.41,41.41,116.61,116.61,2.2215113668932807,-76.2,-34.9,1.9726861107536635,0.6684782608695652,68.1,68.1,20.6,20.6,85.8,85.8,48.2,48.2,81.1,81.1,H,H,247.0
248,e,50,H,H,O,12.534,-0.4571428571428572,"(False, 0.0)",R,249,0.11,132.0,137.36,137.36,28.71,28.71,52.45,52.45,84.91,84.91,108.65,108.65,2.0000099413130488,-68.5,-23.0,1.8948470475614947,0.532258064516129,57.7,57.7,68.3,68.3,71.7,71.7,51.5,51.5,55.4,55.4,H,R,248.0
249,e,40,C,T,O,13.376,-1.1571428571428573,"(False, 0.0)",F,250,0.121,82.0,80.55,80.55,35.0,35.0,48.06,48.06,32.49,32.49,45.56,45.56,1.9997114264558231,-79.0,-38.6,1.886072299805067,0.4162436548223351,40.3,40.3,91.1,91.1,29.1,29.1,93.0,93.0,28.2,28.2,H,F,249.0
250,e,40,C,T,O,13.792000000000002,-1.1571428571428573,"(False, 0.0)",G,251,0.124,56.0,55.88,55.88,55.88,55.88,31.92,31.92,23.96,23.96,0.0,0.0,1.9995806338972717,143.5,-2.7,1.807399195724334,0.6666666666666666,68.9,68.9,68.9,68.9,87.6,87.6,53.7,53.7,inf,inf,T,G,250.0
251,-,5,E,E,O,13.236,-0.8,"(False, 0.0)",K,252,0.114,24.0,24.18,24.18,4.67,4.67,20.99,20.99,3.2,3.2,19.52,19.52,1.9994659799925163,-110.7,170.7,2.0864434159738985,0.11707317073170732,11.8,11.8,11.1,11.1,18.9,18.9,3.4,3.4,12.0,12.0,-,K,251.0
252,-,0,E,E,O,12.429999999999998,0.2428571428571429,"(False, 0.0)",T,253,0.12,55.0,49.52,49.52,2.51,2.51,15.18,15.18,34.34,34.34,47.0,47.0,1.9994566156280882,-104.7,141.6,2.19313881460332,0.3873239436619718,35.2,35.2,6.0,6.0,20.4,20.4,51.9,51.9,47.6,47.6,E,T,252.0
253,-,-5,E,E,O,15.710000000000003,0.1142857142857143,"(False, 0.0)",A,254,0.104,8.0,8.51,8.51,8.51,8.51,0.0,0.0,8.51,8.51,0.0,0.0,2.8045284686946963,-116.6,144.6,2.2995663271135727,0.07547169811320754,7.8,7.8,19.4,19.4,0.0,0.0,22.5,22.5,0.0,0.0,E,A,253.0
254,-,-5,E,E,O,15.817999999999998,-0.05714285714285716,"(False, 0.0)",T,255,0.092,37.0,31.34,31.34,0.0,0.0,10.44,10.44,20.9,20.9,31.34,31.34,2.245188684851232,-138.6,125.2,2.4360492711097,0.2605633802816901,22.3,22.3,0.0,0.0,14.0,14.0,31.6,31.6,31.8,31.8,E,T,254.0
255,-,-5,C,C,O,16.15,-0.057142857142857065,"(False, 0.0)",F,256,0.095,15.000000000000002,14.6,14.6,6.08,6.08,9.76,9.76,4.84,4.84,8.52,8.52,1.9996816029088225,-87.0,33.9,2.6709882738489994,0.07614213197969544,7.3,7.3,15.8,15.8,5.9,5.9,13.9,13.9,5.3,5.3,-,F,255.0
256,-,-5,C,C,O,16.992,-0.1857142857142857,"(False, 0.0)",M,257,0.059,75.0,81.25,81.25,1.54,1.54,65.25,65.25,16.0,16.0,79.71,79.71,1.99988340326807,-83.2,151.5,2.340774378644539,0.398936170212766,42.1,42.1,3.7,3.7,55.5,55.5,21.2,21.2,52.8,52.8,-,M,256.0
257,-,0,C,S,O,17.324,-0.1714285714285715,"(False, 0.0)",P,258,0.055,5.0,5.09,5.09,0.0,0.0,5.09,5.09,0.0,0.0,5.09,5.09,4.2029853796625565,-75.5,-28.6,3.203474325946194,0.036764705882352935,3.7,3.7,0.0,0.0,4.2,4.2,0.0,0.0,4.6,4.6,S,P,257.0
258,-,5,C,C,O,16.613999999999997,0.32857142857142835,"(False, 0.0)",K,259,0.068,35.0,36.21,36.21,8.6,8.6,20.67,20.67,15.54,15.54,27.61,27.61,3.2563197860018893,-149.2,60.0,2.403352481748404,0.17073170731707318,17.7,17.7,20.5,20.5,18.6,18.6,16.6,16.6,16.9,16.9,-,K,258.0
259,-,0,C,S,O,17.324,-0.12857142857142861,"(False, 0.0)",P,260,0.092,22.0,22.67,22.67,21.29,21.29,3.3,3.3,19.38,19.38,1.38,1.38,1.9995683714622736,-45.6,-48.3,2.4335706251970337,0.16176470588235295,16.5,16.5,77.4,77.4,2.7,2.7,120.4,120.4,1.3,1.3,S,P,259.0
260,-,0,C,S,O,14.518,-0.8999999999999998,"(False, 0.0)",M,261,0.114,27.000000000000004,29.41,29.41,5.11,5.11,22.52,22.52,6.89,6.89,24.3,24.3,1.9995930785989184,-129.5,160.8,2.1497382150639384,0.14361702127659576,15.2,15.2,12.2,12.2,19.1,19.1,9.1,9.1,16.1,16.1,S,M,260.0
261,e,35,C,T,O,13.712,-1.1714285714285713,"(False, 0.0)",F,262,0.18,197.0,199.34,199.34,28.45,28.45,170.88,170.88,28.45,28.45,170.88,170.88,2.225344474694695,-98.2,121.5,1.8558835903912168,1.0,99.7,99.7,74.0,74.0,103.6,103.6,81.4,81.4,105.8,105.8,S,F,261.0
262,e,30,C,T,O,12.79,-0.6714285714285716,"(False, 0.0)",G,263,0.186,27.000000000000004,29.4,29.4,29.4,29.4,26.63,26.63,2.76,2.76,0.0,0.0,1.9995263386490183,91.9,36.6,1.709659172391718,0.32142857142857145,36.3,36.3,36.3,36.3,73.1,73.1,6.2,6.2,inf,inf,S,G,262.0
263,-,0,C,S,O,10.22,-0.5571428571428572,"(False, 0.0)",D,264,0.189,9.0,9.65,9.65,8.0,8.0,1.65,1.65,8.0,8.0,1.65,1.65,2.3606672622741143,-143.7,-97.2,2.3520822989113186,0.05521472392638037,6.8,6.8,18.9,18.9,3.9,3.9,8.0,8.0,1.6,1.6,S,D,263.0
264,-,20,C,C,O,8.154,-0.8857142857142858,"(False, 0.0)",N,265,0.201,55.0,53.83,53.83,15.71,15.71,7.57,7.57,46.26,46.26,38.12,38.12,1.9995505963637643,-160.3,-6.7,1.8954287803290149,0.3503184713375796,37.1,37.1,37.8,37.8,18.2,18.2,44.7,44.7,36.8,36.8,-,N,264.0
265,-,5,C,C,O,8.154,-1.0142857142857142,"(False, 0.0)",G,266,0.221,0.0,0.48,0.48,0.48,0.48,0.02,0.02,0.46,0.46,0.0,0.0,2.469228561062818,19.6,102.3,2.1275739588694416,0.0,0.6,0.6,0.6,0.6,0.1,0.1,1.0,1.0,inf,inf,-,G,265.0
266,-,-5,C,C,O,9.068,-1.4142857142857146,"(False, 0.0)",S,267,0.224,0.0,0.0,0.0,0.0,0.0,0.0,0.0,0.0,0.0,0.0,0.0,2.4634561094355116,-33.9,150.0,3.200587561002594,0.0,0.0,0.0,0.0,0.0,0.0,0.0,0.0,0.0,0.0,0.0,-,S,266.0
267,-,0,C,C,O,9.242,-0.5571428571428572,"(False, 0.0)",G,268,0.212,0.0,0.49,0.49,0.49,0.49,0.33,0.33,0.16,0.16,0.0,0.0,1.9993950349005336,-145.5,148.4,1.984156483508384,0.0,0.6,0.6,0.6,0.6,0.9,0.9,0.4,0.4,inf,inf,-,G,267.0
268,-,0,E,E,O,11.254,-0.5142857142857143,"(False, 0.0)",M,269,0.151,0.0,0.16,0.16,0.07,0.07,0.0,0.0,0.16,0.16,0.1,0.1,3.2613465754712845,-103.0,95.6,4.669931865819973,0.0,0.1,0.1,0.2,0.2,0.0,0.0,0.2,0.2,0.1,0.1,-,M,268.0
269,-,10,E,E,O,12.097999999999999,-0.1857142857142857,"(False, 0.0)",H,270,0.142,35.0,43.27,43.27,0.0,0.0,23.89,23.89,19.37,19.37,43.27,43.27,3.073358138229587,-67.0,147.9,2.480979891491492,0.19021739130434784,23.6,23.6,0.0,0.0,24.6,24.6,22.5,22.5,30.1,30.1,E,H,269.0
270,-,-5,E,E,O,14.668000000000001,-0.1857142857142858,"(False, 0.0)",C,271,0.15,0.0,0.05,0.05,0.0,0.0,0.05,0.05,0.0,0.0,0.05,0.05,4.827125578403017,-131.5,122.2,5.394185212798764,0.0,0.0,0.0,0.0,0.0,0.1,0.1,0.0,0.0,0.1,0.1,E,C,270.0
271,-,10,E,E,O,13.312000000000001,0.4142857142857142,"(False, 0.0)",H,272,0.082,26.0,31.68,31.68,0.27,0.27,19.95,19.95,11.73,11.73,31.41,31.41,2.7167160896397737,-91.5,142.1,2.193884353308964,0.14130434782608695,17.3,17.3,0.7,0.7,20.6,20.6,13.6,13.6,21.8,21.8,E,H,271.0
272,-,0,E,E,O,14.854,0.028571428571428532,"(False, 0.0)",M,273,0.075,5.0,3.71,3.71,3.68,3.68,3.71,3.71,0.0,0.0,0.02,0.02,1.9999373915685452,-160.8,165.5,3.467838455946884,0.026595744680851064,1.9,1.9,8.8,8.8,3.2,3.2,0.0,0.0,0.0,0.0,E,M,272.0
273,-,5,E,E,O,14.056000000000001,-0.07142857142857159,"(False, 0.0)",S,274,0.092,11.0,11.08,11.08,0.75,0.75,2.25,2.25,8.84,8.84,10.33,10.33,2.4649866086462784,178.8,144.5,2.121717558929952,0.08461538461538462,9.4,9.4,1.7,1.7,4.8,4.8,12.4,12.4,13.8,13.8,E,S,273.0
274,-,-5,E,E,O,14.460000000000003,-0.9285714285714285,"(False, 0.0)",L,275,0.087,0.0,0.19,0.19,0.0,0.0,0.19,0.19,0.0,0.0,0.19,0.19,2.887051289773745,-106.0,158.1,3.9799928792472947,0.0,0.1,0.1,0.0,0.0,0.1,0.1,0.0,0.0,0.1,0.1,E,L,274.0
275,-,10,E,E,O,13.774000000000001,-0.5285714285714286,"(False, 0.0)",S,276,0.089,13.0,13.78,13.78,0.0,0.0,13.78,13.78,0.0,0.0,13.78,13.78,2.9607145374810746,-137.1,158.9,2.857818078784381,0.12264150943396225,12.7,12.7,0.0,0.0,19.4,19.4,0.0,0.0,21.3,21.3,E,A,275.0
276,e,35,E,E,O,12.559999999999999,-0.19999999999999987,"(False, 0.0)",K,277,0.139,76.0,80.5,80.5,4.72,4.72,42.19,42.19,38.31,38.31,75.78,75.78,2.9246010705680594,-97.4,-84.6,2.2045450305250798,0.3707317073170732,39.3,39.3,11.2,11.2,38.0,38.0,40.8,40.8,46.5,46.5,S,K,276.0
277,e,85,C,T,O,12.594,-0.5857142857142856,"(False, 0.0)",N,278,0.177,139.0,125.88,125.88,28.69,28.69,37.27,37.27,88.6,88.6,97.19,97.19,1.9995686405649251,-93.7,-70.6,1.7942145851561668,0.8853503184713376,86.8,86.8,69.1,69.1,89.7,89.7,85.6,85.6,93.9,93.9,S,N,277.0
278,e,80,C,T,O,13.264000000000001,-0.5857142857142857,"(False, 0.0)",G,279,0.169,58.99999999999999,58.39,58.39,58.39,58.39,41.62,41.62,16.77,16.77,0.0,0.0,1.9994180129034784,-153.8,42.8,1.7095191223506736,0.7023809523809523,72.0,72.0,72.0,72.0,114.2,114.2,37.6,37.6,inf,inf,S,G,278.0
279,e,55,E,E,O,14.401999999999997,-0.07142857142857142,"(False, 0.0)",V,280,0.187,76.0,81.49,81.49,7.26,7.26,79.94,79.94,1.55,1.55,74.23,74.23,1.9997307996401288,-137.4,116.9,1.9402090543463415,0.5352112676056338,58.0,58.0,17.3,17.3,107.4,107.4,2.3,2.3,75.3,75.3,S,T,279.0
280,-,10,E,E,O,15.798000000000002,0.7428571428571428,"(False, 0.0)",N,281,0.244,27.0,27.82,27.82,5.36,5.36,8.81,8.81,19.01,19.01,22.46,22.46,2.4084029518835246,-96.9,97.2,1.773278723664903,0.17197452229299362,19.2,19.2,12.9,12.9,21.2,21.2,18.4,18.4,21.7,21.7,-,N,280.0
281,-,15,C,T,O,17.418,1.1857142857142857,"(False, 0.0)",L,282,0.268,33.0,33.51,33.51,11.26,11.26,33.12,33.12,0.4,0.4,22.25,22.25,1.9996020254486735,-53.9,18.4,2.0210911698809197,0.201219512195122,18.7,18.7,28.3,28.3,23.3,23.3,1.1,1.1,15.9,15.9,T,L,281.0
282,-,-5,C,T,O,13.784,0.7428571428571428,"(False, 0.0)",F,283,0.283,0.0,0.38,0.38,0.0,0.0,0.38,0.38,0.0,0.0,0.38,0.38,3.4839519379303088,-96.4,-17.3,4.778079178878616,0.0,0.2,0.2,0.0,0.0,0.2,0.2,0.0,0.0,0.2,0.2,T,F,282.0
283,e,25,E,B,O,13.556000000000001,-0.4142857142857145,"(False, 0.0)",A,284,0.278,25.0,23.99,23.99,9.82,9.82,10.92,10.92,13.07,13.07,14.17,14.17,2.3336910238407182,-82.5,175.6,1.901433391062144,0.19230769230769232,20.3,20.3,22.6,22.6,23.3,23.3,18.3,18.3,18.9,18.9,-,S,283.0
284,e,35,C,C,O,12.418000000000001,-0.1,"(False, 0.0)",G,285,0.168,32.0,36.89,36.89,36.89,36.89,29.83,29.83,7.06,7.06,0.0,0.0,1.999628958747196,141.3,-155.2,1.7554276213950617,0.3809523809523809,45.5,45.5,45.5,45.5,81.9,81.9,15.8,15.8,inf,inf,S,G,284.0
285,e,80,C,S,O,12.064,-0.38571428571428573,"(False, 0.0)",D,286,0.134,109.0,99.83,99.83,11.48,11.48,51.29,51.29,48.54,48.54,88.36,88.36,1.9995752042695776,-100.0,-179.4,1.875132414443005,0.6687116564417178,69.9,69.9,27.1,27.1,120.7,120.7,48.4,48.4,87.9,87.9,S,D,285.0
286,e,40,C,S,O,12.064,-0.8428571428571429,"(False, 0.0)",K,287,0.161,80.0,87.61,87.61,18.59,18.59,49.68,49.68,37.93,37.93,69.02,69.02,1.9996014015065318,72.2,98.4,2.0388358497430192,0.3902439024390244,42.7,42.7,44.3,44.3,44.7,44.7,40.4,40.4,42.3,42.3,S,K,286.0
287,e,30,H,G,O,12.064,-0.557142857142857,"(False, 0.0)",Y,288,0.194,72.0,71.98,71.98,17.8,17.8,58.83,58.83,13.15,13.15,54.18,54.18,1.9996871066893736,60.7,107.1,2.1193279351710808,0.32432432432432434,33.6,33.6,46.3,46.3,44.2,44.2,16.2,16.2,30.8,30.8,S,Y,287.0
288,e,35,H,G,O,14.008,-0.6142857142857144,"(False, 0.0)",A,289,0.201,41.0,41.02,41.02,32.67,32.67,29.67,29.67,11.36,11.36,8.36,8.36,1.9993660199855479,52.4,39.0,1.8717925773887891,0.3867924528301887,37.7,37.7,74.3,74.3,41.8,41.8,30.1,30.1,12.9,12.9,S,A,288.0
289,-,15,H,G,O,12.76,-0.6142857142857144,"(False, 0.0)",G,290,0.193,17.0,18.26,18.26,18.26,18.26,7.01,7.01,11.24,11.24,0.0,0.0,1.9996633724120607,76.7,-143.9,2.2966373214557336,0.2023809523809524,22.5,22.5,22.5,22.5,19.2,19.2,25.2,25.2,inf,inf,S,G,289.0
290,-,0,E,B,O,11.867999999999999,-0.5571428571428572,"(False, 0.0)",L,291,0.173,4.0,2.17,2.17,0.0,0.0,2.17,2.17,0.0,0.0,2.17,2.17,5.049834839481084,75.7,-168.3,4.692973915590857,0.024390243902439025,1.2,1.2,0.0,0.0,1.5,1.5,0.0,0.0,1.6,1.6,-,L,290.0
291,-,5,C,C,O,12.457999999999998,-0.1142857142857143,"(False, 0.0)",S,292,0.158,10.0,10.75,10.75,0.0,0.0,10.75,10.75,0.0,0.0,10.75,10.75,2.5183663959462073,-179.3,149.5,2.694198809795155,0.07692307692307693,9.1,9.1,0.0,0.0,22.9,22.9,0.0,0.0,14.3,14.3,-,S,291.0
292,e,45,H,H,O,14.078,0.17142857142857146,"(False, 0.0)",E,293,0.151,96.0,89.2,89.2,0.59,0.59,32.7,32.7,56.5,56.5,88.61,88.61,1.999866623049112,-15.5,-73.0,1.934769409758644,0.4948453608247423,51.2,51.2,1.4,1.4,63.2,63.2,46.1,46.1,67.0,67.0,H,E,292.0
293,-,25,H,H,O,14.078,0.04285714285714283,"(False, 0.0)",Q,294,0.14,69.0,62.51,62.51,0.32,0.32,22.11,22.11,40.4,40.4,62.2,62.2,1.9995154136383115,-31.5,-64.5,2.117563701252556,0.3484848484848485,35.0,35.0,0.8,0.8,47.1,47.1,30.6,30.6,45.5,45.5,H,Q,293.0
294,-,-5,H,H,O,15.789999999999997,-0.6857142857142858,"(False, 0.0)",A,295,0.159,0.0,0.0,0.0,0.0,0.0,0.0,0.0,0.0,0.0,0.0,0.0,5.2879802624959416,-44.3,-59.0,5.097925164515318,0.0,0.0,0.0,0.0,0.0,0.0,0.0,0.0,0.0,0.0,0.0,H,A,294.0
295,-,5,H,H,O,16.682,0.07142857142857142,"(False, 0.0)",L,296,0.175,11.0,12.8,12.8,0.0,0.0,12.8,12.8,0.0,0.0,12.8,12.8,3.284670547046112,-41.7,-47.8,3.0795050862483566,0.06707317073170732,7.1,7.1,0.0,0.0,9.0,9.0,0.0,0.0,9.2,9.2,H,L,295.0
296,-,15,H,H,O,18.072,0.5142857142857143,"(False, 0.0)",Y,297,0.077,46.0,44.64,44.64,0.0,0.0,18.96,18.96,25.68,25.68,44.64,44.64,4.047843934511261,-59.1,-36.2,2.659977277591961,0.2072072072072072,20.8,20.8,0.0,0.0,14.2,14.2,31.7,31.7,25.4,25.4,H,Y,296.0
297,-,0,H,H,O,16.451999999999998,0.9571428571428572,"(False, 0.0)",Y,298,0.071,0.0,0.4,0.4,0.0,0.0,0.23,0.23,0.18,0.18,0.4,0.4,5.971694104338067,-60.0,-67.9,6.665717754123832,0.0,0.2,0.2,0.0,0.0,0.2,0.2,0.2,0.2,0.2,0.2,H,Y,297.0
298,-,0,H,H,O,12.851999999999999,1.3,"(False, 0.0)",I,299,0.068,2.0,1.63,1.63,0.0,0.0,1.63,1.63,0.0,0.0,1.63,1.63,4.263698851362669,-39.8,-32.1,4.265465707623199,0.01183431952662722,0.9,0.9,0.0,0.0,1.2,1.2,0.0,0.0,1.2,1.2,H,I,298.0
299,-,0,H,H,O,13.560000000000002,1.4,"(False, 0.0)",G,300,0.066,5.0,5.76,5.76,5.76,5.76,4.37,4.37,1.38,1.38,0.0,0.0,1.999535109787976,-63.9,-66.0,2.1080148869881232,0.05952380952380953,7.1,7.1,7.1,7.1,12.0,12.0,3.1,3.1,inf,inf,H,G,299.0
300,-,-5,H,H,O,14.234,1.0285714285714285,"(False, 0.0)",G,301,0.089,0.0,0.23,0.23,0.23,0.23,0.23,0.23,0.0,0.0,0.0,0.0,3.46787162745826,-38.6,-55.8,3.5327997244143736,0.0,0.3,0.3,0.3,0.3,0.6,0.6,0.0,0.0,inf,inf,H,G,300.0
301,-,0,H,H,O,13.095999999999998,0.7571428571428571,"(False, 0.0)",V,302,0.089,1.0,0.49,0.49,0.0,0.0,0.49,0.49,0.0,0.0,0.49,0.49,5.161716202062575,-55.6,-71.7,5.176242583594298,0.007042253521126761,0.3,0.3,0.0,0.0,0.4,0.4,0.0,0.0,0.4,0.4,H,V,301.0
302,-,15,H,H,O,15.154000000000002,0.37142857142857144,"(False, 0.0)",I,303,0.084,40.0,40.31,40.31,9.55,9.55,31.22,31.22,9.09,9.09,30.76,30.76,2.9141083888135295,-36.4,-43.4,2.2698654227857613,0.2366863905325444,22.9,22.9,23.0,23.0,22.5,22.5,24.7,24.7,22.9,22.9,H,I,302.0
303,e,60,H,H,O,16.774,-0.12857142857142856,"(False, 0.0)",K,304,0.076,138.0,136.93,136.93,27.51,27.51,72.5,72.5,64.43,64.43,109.42,109.42,1.9993959364528189,-59.7,-62.1,1.9156958651377132,0.6731707317073171,66.8,66.8,65.5,65.5,65.3,65.3,68.6,68.6,67.1,67.1,H,K,303.0
304,-,0,H,H,O,15.601999999999999,0.1857142857142857,"(False, 0.0)",H,305,0.056,8.0,12.23,12.23,1.36,1.36,11.36,11.36,0.87,0.87,10.87,10.87,1.9998411253569564,-98.7,27.7,2.299587919713265,0.043478260869565216,6.7,6.7,3.5,3.5,11.7,11.7,1.0,1.0,7.6,7.6,H,H,304.0
305,-,0,H,H,O,13.622,0.22857142857142868,"(False, 0.0)",A,306,0.088,2.0,1.77,1.77,0.09,0.09,1.68,1.68,0.09,0.09,1.68,1.68,2.3842010618825245,-40.8,-57.0,2.4841383114796467,0.018867924528301886,1.6,1.6,0.2,0.2,2.4,2.4,0.2,0.2,2.6,2.6,H,A,305.0
306,e,35,H,H,O,14.76,-0.9142857142857144,"(False, 0.0)",K,307,0.099,85.0,83.3,83.3,1.17,1.17,53.77,53.77,29.53,29.53,82.12,82.12,2.345171458509383,-49.3,-64.7,2.2570264919658607,0.4146341463414634,40.6,40.6,2.8,2.8,48.4,48.4,31.5,31.5,50.4,50.4,H,K,306.0
307,-,0,H,H,O,14.586000000000002,-0.09999999999999999,"(False, 0.0)",A,308,0.118,2.0,1.1,1.1,1.1,1.1,0.0,0.0,1.1,1.1,0.0,0.0,2.675444579973158,-47.0,-42.4,3.179406798051712,0.018867924528301886,1.0,1.0,2.5,2.5,0.0,0.0,2.9,2.9,0.0,0.0,H,A,307.0
308,-,0,H,H,O,14.586000000000002,0.9,"(False, 0.0)",I,309,0.121,1.0,0.38,0.38,0.19,0.19,0.38,0.38,0.0,0.0,0.2,0.2,5.546849149093257,-59.3,-56.2,5.557411180592932,0.005917159763313609,0.2,0.2,0.5,0.5,0.3,0.3,0.0,0.0,0.1,0.1,H,I,308.0
309,-,-5,H,H,O,15.724,0.9000000000000001,"(False, 0.0)",N,310,0.123,0.0,0.0,0.0,0.0,0.0,0.0,0.0,0.0,0.0,0.0,0.0,7.119323314614933,-59.7,-7.9,6.215049141528111,0.0,0.0,0.0,0.0,0.0,0.0,0.0,0.0,0.0,0.0,0.0,H,N,309.0
310,-,0,H,H,O,15.724,0.9571428571428571,"(False, 0.0)",A,311,0.201,1.0,0.04,0.04,0.04,0.04,0.0,0.0,0.04,0.04,0.0,0.0,5.947440667856131,-78.2,-26.9,5.416974061575808,0.009433962264150943,0.0,0.0,0.1,0.1,0.0,0.0,0.1,0.1,0.0,0.0,H,A,310.0
311,-,0,H,H,O,14.008,0.4714285714285715,"(False, 0.0)",L,312,0.34,3.0,3.73,3.73,1.26,1.26,2.47,2.47,1.26,1.26,2.47,2.47,3.049096999241304,-91.4,-41.9,2.9355218158849903,0.018292682926829267,2.1,2.1,3.2,3.2,1.7,1.7,3.4,3.4,1.8,1.8,H,L,311.0
312,-,-5,H,H,O,14.930000000000001,-0.27142857142857146,"(False, 0.0)",A,313,0.328,0.0,0.22,0.22,0.0,0.0,0.22,0.22,0.0,0.0,0.22,0.22,3.900293336819265,-112.6,42.1,4.489122550778888,0.0,0.2,0.2,0.0,0.0,0.3,0.3,0.0,0.0,0.3,0.3,S,A,312.0
313,-,-5,C,S,O,15.783999999999997,0.1285714285714285,"(False, 0.0)",N,314,0.301,0.0,0.02,0.02,0.02,0.02,0.0,0.0,0.02,0.02,0.0,0.0,4.919639789424639,-174.1,62.7,5.706777120327353,0.0,0.0,0.0,0.1,0.1,0.0,0.0,0.0,0.0,0.0,0.0,S,N,313.0
314,-,0,C,C,O,14.657999999999998,-0.6285714285714287,"(False, 0.0)",P,315,0.304,5.0,4.97,4.97,2.54,2.54,2.94,2.94,2.03,2.03,2.43,2.43,2.497692457443957,-95.7,-174.3,2.115731416271848,0.036764705882352935,3.6,3.6,9.2,9.2,2.4,2.4,12.6,12.6,2.2,2.2,-,P,314.0
315,-,0,C,S,O,14.922,-1.2857142857142858,"(False, 0.0)",T,316,0.292,52.0,49.94,49.94,2.4,2.4,17.6,17.6,32.35,32.35,47.54,47.54,1.9994947662902431,36.2,111.0,1.795242266383038,0.3661971830985916,35.5,35.5,5.7,5.7,23.6,23.6,48.9,48.9,48.2,48.2,T,T,315.0
316,-,5,C,T,O,14.251999999999999,-1.7285714285714284,"(False, 0.0)",T,317,0.28,21.0,23.16,23.16,6.58,6.58,21.02,21.02,2.14,2.14,16.58,16.58,1.9995724130543011,-5.3,-60.3,1.9789144017774876,0.14788732394366194,16.5,16.5,15.7,15.7,28.2,28.2,3.2,3.2,16.8,16.8,T,T,316.0
317,-,-5,C,T,O,14.372,-1.7857142857142858,"(False, 0.0)",N,318,0.235,24.0,21.43,21.43,0.0,0.0,11.04,11.04,10.39,10.39,21.43,21.43,2.330094989708916,-42.3,-46.4,2.298278759247611,0.15286624203821655,14.8,14.8,0.0,0.0,26.6,26.6,10.0,10.0,20.7,20.7,T,N,317.0
318,-,-5,H,H,O,14.36,-2.2,"(False, 0.0)",S,319,0.234,0.0,0.0,0.0,0.0,0.0,0.0,0.0,0.0,0.0,0.0,0.0,2.6474940026818694,-30.5,-53.4,3.356988378424969,0.0,0.0,0.0,0.0,0.0,0.0,0.0,0.0,0.0,0.0,0.0,H,S,318.0
319,-,5,H,H,O,14.062000000000001,-1.5571428571428574,"(False, 0.0)",Y,320,0.278,15.0,16.8,16.8,6.02,6.02,10.78,10.78,6.02,6.02,10.78,10.78,2.653255633610068,-76.4,-5.8,2.7805013921383703,0.06756756756756757,7.8,7.8,15.7,15.7,8.1,8.1,7.4,7.4,6.1,6.1,H,Y,319.0
320,-,10,H,H,O,15.778,-0.8571428571428571,"(False, 0.0)",K,321,0.275,111.0,107.17,107.17,5.59,5.59,71.94,71.94,35.23,35.23,101.58,101.58,1.9995553961009815,-81.4,-5.8,1.979028607990866,0.5414634146341464,52.3,52.3,13.3,13.3,64.8,64.8,37.5,37.5,62.3,62.3,H,K,320.0
321,-,5,H,H,O,18.198,-0.5857142857142856,"(False, 0.0)",R,322,0.254,37.0,42.15,42.15,13.68,13.68,7.02,7.02,35.13,35.13,28.47,28.47,1.9997089933859082,-101.3,-39.4,2.1643960021958075,0.14919354838709678,17.7,17.7,32.6,32.6,9.6,9.6,21.3,21.3,14.5,14.5,H,R,321.0
322,-,5,C,S,O,18.078000000000003,-0.5285714285714286,"(False, 0.0)",L,323,0.672,6.0,4.91,4.91,4.4,4.4,0.5,0.5,4.4,4.4,0.5,0.5,3.0380177065049496,-82.1,36.9,2.925170850825765,0.03658536585365853,2.7,2.7,11.1,11.1,0.4,0.4,11.9,11.9,0.4,0.4,S,L,322.0
323,-,10,C,S,O,15.616,-0.5285714285714288,"(False, 0.0)",V,324,0.813,75.0,77.79,77.79,1.57,1.57,77.01,77.01,0.78,0.78,76.21,76.21,1.9993733081338323,-88.0,137.7,2.0169516912595817,0.528169014084507,51.2,51.2,3.8,3.8,66.9,66.9,2.1,2.1,69.0,69.0,S,V,323.0
324,e,50,C,T,O,16.366000000000003,-0.4714285714285714,"(False, 0.0)",P,325,0.788,89.0,91.29,91.29,16.93,16.93,74.36,74.36,16.93,16.93,74.36,74.36,2.6068058926569,-48.5,118.1,2.030064264427598,0.6544117647058824,66.5,66.5,61.5,61.5,61.4,61.4,105.2,105.2,67.8,67.8,-,P,324.0
325,e,30,C,T,O,14.8,0.4285714285714285,"(False, 0.0)",G,326,0.766,25.0,25.61,25.61,25.61,25.61,11.17,11.17,14.44,14.44,0.0,0.0,1.9996427344791383,-110.5,-110.6,1.9577632329823011,0.2976190476190476,31.6,31.6,31.6,31.6,30.6,30.6,32.3,32.3,inf,inf,-,G,325.0
326,e,45,C,S,O,12.786,-0.3428571428571429,"(False, 0.0)",Y,327,0.844,136.0,129.68,129.68,2.21,2.21,88.53,88.53,41.15,41.15,127.46,127.46,2.9093516011123755,159.3,-24.2,2.0053843897300734,0.6126126126126126,60.5,60.5,5.8,5.8,66.5,66.5,50.7,50.7,72.5,72.5,S,Y,326.0
327,e,45,C,S,O,12.786,-0.34285714285714286,"(False, 0.0)",E,328,0.932,124.0,114.47,114.47,9.74,9.74,38.41,38.41,76.06,76.06,104.72,104.72,2.3365671284283285,-92.3,-54.3,1.8438392028198038,0.6391752577319587,65.7,65.7,23.2,23.2,74.3,74.3,62.1,62.1,79.2,79.2,S,E,327.0
328,-,10,C,C,O,16.419999999999998,0.15714285714285725,"(False, 0.0)",A,329,0.938,16.0,15.51,15.51,4.55,4.55,15.51,15.51,0.0,0.0,10.96,10.96,1.999335193810469,-65.8,128.8,2.5416015240523397,0.1509433962264151,14.3,14.3,10.3,10.3,21.8,21.8,0.0,0.0,16.9,16.9,S,A,328.0
329,-,5,C,C,O,16.064,0.7571428571428572,"(False, 0.0)",P,330,0.941,17.0,18.6,18.6,0.0,0.0,18.6,18.6,0.0,0.0,18.6,18.6,2.959662248101396,-93.1,89.2,2.894277955181976,0.125,13.6,13.6,0.0,0.0,15.4,15.4,0.0,0.0,17.0,17.0,-,P,329.0
330,-,0,C,C,O,17.630000000000003,1.1999999999999997,"(False, 0.0)",V,331,0.902,3.0,2.79,2.79,0.0,0.0,2.79,2.79,0.0,0.0,2.79,2.79,2.993545760605844,-122.9,-3.9,2.8394311134792902,0.02112676056338028,1.8,1.8,0.0,0.0,2.4,2.4,0.0,0.0,2.5,2.5,-,V,330.0
331,-,5,E,B,O,17.630000000000003,1.5142857142857142,"(False, 0.0)",M,332,0.664,5.0,4.52,4.52,0.0,0.0,3.43,3.43,1.09,1.09,4.52,4.52,4.616634289661199,-79.9,145.5,3.69817466937671,0.026595744680851064,2.3,2.3,0.0,0.0,2.9,2.9,1.4,1.4,3.0,3.0,E,M,331.0
332,-,5,C,C,O,17.75,1.1428571428571428,"(False, 0.0)",L,333,0.243,14.000000000000002,14.86,14.86,8.91,8.91,5.94,5.94,8.91,8.91,5.94,5.94,3.493154988545779,-106.8,81.7,2.7261782059364488,0.08536585365853659,8.3,8.3,22.4,22.4,4.2,4.2,24.0,24.0,4.3,4.3,E,L,332.0
333,-,5,C,C,O,15.330000000000002,1.6285714285714286,"(False, 0.0)",A,334,0.325,7.0,6.34,6.34,2.64,2.64,6.34,6.34,0.0,0.0,3.71,3.71,1.9995941337907457,-150.8,-175.5,2.6131170404957844,0.0660377358490566,5.8,5.8,6.0,6.0,8.9,8.9,0.0,0.0,5.7,5.7,E,A,333.0
334,-,0,E,E,O,14.38,0.3857142857142856,"(False, 0.0)",Y,335,0.265,10.0,7.94,7.94,0.0,0.0,4.42,4.42,3.52,3.52,7.94,7.94,3.9914795854048326,-135.7,154.5,3.118179979412954,0.045045045045045036,3.7,3.7,0.0,0.0,3.3,3.3,4.3,4.3,4.5,4.5,E,Y,334.0
335,-,-5,E,E,O,12.956,-0.38571428571428573,"(False, 0.0)",S,336,0.347,0.0,0.6,0.6,0.6,0.6,0.0,0.0,0.6,0.6,0.0,0.0,3.5848308492937506,-154.3,-42.0,3.3547685487085475,0.0,0.5,0.5,1.4,1.4,0.0,0.0,0.8,0.8,0.0,0.0,-,S,335.0
336,-,20,C,S,O,13.219999999999999,-1.5714285714285714,"(False, 0.0)",A,337,0.347,39.0,40.85,40.85,22.58,22.58,18.49,18.49,22.35,22.35,18.27,18.27,1.999978955036936,83.8,10.4,2.1315861695736347,0.3679245283018868,37.6,37.6,51.4,51.4,26.0,26.0,59.2,59.2,28.2,28.2,S,A,336.0
337,e,40,C,S,O,12.47,-1.9428571428571428,"(False, 0.0)",R,338,0.324,170.0,163.49,163.49,11.94,11.94,47.13,47.13,116.36,116.36,151.56,151.56,1.9995543731760004,172.1,-132.3,1.958686159805315,0.6854838709677419,68.6,68.6,28.4,28.4,64.4,64.4,70.5,70.5,77.3,77.3,S,R,337.0
338,-,0,C,C,O,12.47,-1.5,"(False, 0.0)",N,339,0.32,17.0,16.21,16.21,5.05,5.05,2.95,2.95,13.26,13.26,11.15,11.15,1.9994830007145437,13.7,58.3,2.5242442331724466,0.10828025477707008,11.2,11.2,12.2,12.2,7.1,7.1,12.8,12.8,10.8,10.8,-,N,338.0
339,-,5,C,S,O,12.47,-1.5,"(False, 0.0)",R,340,0.319,76.0,76.63,76.63,0.61,0.61,19.79,19.79,56.85,56.85,76.02,76.02,2.5341627848188684,-49.6,-156.0,2.364391845457928,0.3064516129032258,32.2,32.2,1.4,1.4,27.0,27.0,34.5,34.5,38.8,38.8,T,R,339.0
340,-,0,C,S,O,11.508,-1.1142857142857143,"(False, 0.0)",S,341,0.347,0.0,0.34,0.34,0.0,0.0,0.34,0.34,0.0,0.0,0.34,0.34,3.9066147428798086,78.3,-34.5,4.0309261642887835,0.0,0.3,0.3,0.0,0.0,0.7,0.7,0.0,0.0,0.5,0.5,T,S,340.0
341,-,0,C,S,O,13.224,-1.1142857142857143,"(False, 0.0)",A,342,0.39,0.0,0.45,0.45,0.23,0.23,0.38,0.38,0.07,0.07,0.21,0.21,4.991401579375791,-76.2,109.9,4.524055827734385,0.0,0.4,0.4,0.5,0.5,0.5,0.5,0.2,0.2,0.3,0.3,E,A,341.0
342,-,0,C,S,O,13.224,0.028571428571428564,"(False, 0.0)",S,343,0.41,1.0,0.44,0.44,0.0,0.0,0.0,0.0,0.44,0.44,0.44,0.44,4.953463889139323,-70.0,-5.4,5.53888680869063,0.007692307692307694,0.4,0.4,0.0,0.0,0.0,0.0,0.6,0.6,0.6,0.6,E,S,342.0
343,-,0,E,E,O,15.61,0.4428571428571428,"(False, 0.0)",I,344,0.272,1.0,0.95,0.95,0.0,0.0,0.95,0.95,0.0,0.0,0.95,0.95,6.3294345292844065,-129.5,115.1,5.7591406553014375,0.005917159763313609,0.5,0.5,0.0,0.0,0.7,0.7,0.0,0.0,0.7,0.7,E,I,343.0
344,-,5,E,E,O,16.796,1.157142857142857,"(False, 0.0)",R,345,0.333,69.0,66.58,66.58,0.0,0.0,3.79,3.79,62.8,62.8,66.58,66.58,5.0965378801437495,-116.0,125.4,3.3916579466668924,0.2782258064516129,28.0,28.0,0.0,0.0,5.2,5.2,38.1,38.1,33.9,33.9,E,R,344.0
345,-,0,C,C,O,19.216,1.5,"(False, 0.0)",I,346,0.389,2.0,1.12,1.12,0.0,0.0,1.12,1.12,0.0,0.0,1.12,1.12,4.1786284057055285,-100.8,99.4,3.802531306855821,0.01183431952662722,0.6,0.6,0.0,0.0,0.8,0.8,0.0,0.0,0.8,0.8,-,I,345.0
346,-,5,C,C,O,19.25,1.5,"(False, 0.0)",P,347,0.385,7.0,8.69,8.69,1.25,1.25,7.71,7.71,0.98,0.98,7.44,7.44,1.9997789837826487,-61.3,156.5,2.552300139774645,0.05147058823529412,6.3,6.3,4.5,4.5,6.4,6.4,6.1,6.1,6.8,6.8,-,P,346.0
347,e,65,C,C,O,18.288,0.742857142857143,"(False, 0.0)",V,348,0.492,122.0,124.62,124.62,18.07,18.07,118.61,118.61,6.02,6.02,106.55,106.55,1.999634141975213,-47.8,-169.6,1.883167012343537,0.8591549295774648,82.0,82.0,43.5,43.5,103.1,103.1,16.3,16.3,96.5,96.5,-,V,347.0
348,e,25,C,C,O,15.901999999999997,1.157142857142857,"(False, 0.0)",V,349,0.762,34.0,37.15,37.15,20.64,20.64,18.39,18.39,18.76,18.76,16.51,16.51,2.0002113075790007,-148.1,-70.5,2.100293671099097,0.23943661971830985,24.4,24.4,49.7,49.7,16.0,16.0,50.9,50.9,14.9,14.9,-,V,348.0
349,e,80,C,T,O,15.901999999999997,-0.0428571428571428,"(False, 0.0)",S,350,0.76,80.0,82.89,82.89,36.05,36.05,69.43,69.43,13.46,13.46,46.84,46.84,1.9994897306154011,92.9,-116.5,1.7676868199464173,0.7547169811320755,76.2,76.2,82.0,82.0,97.8,97.8,35.7,35.7,72.3,72.3,S,A,349.0
350,e,40,C,C,O,14.73,0.44285714285714295,"(False, 0.0)",S,351,0.761,63.0,55.11,55.11,10.57,10.57,30.6,30.6,24.51,24.51,44.53,44.53,1.9996015211333076,-55.5,119.0,2.0921715452215977,0.4846153846153846,46.6,46.6,24.4,24.4,65.2,65.2,34.3,34.3,59.4,59.4,S,S,350.0
351,e,45,H,G,O,12.716,-0.7999999999999999,"(False, 0.0)",P,352,0.769,63.0,67.04,67.04,0.09,0.09,67.03,67.03,0.01,0.01,66.96,66.96,2.747032151163912,-58.5,-20.5,2.1383773962001484,0.4632352941176471,48.9,48.9,0.3,0.3,55.3,55.3,0.1,0.1,61.0,61.0,G,P,351.0
352,e,65,H,G,O,13.678,-2.042857142857143,"(False, 0.0)",K,353,0.738,144.0,146.3,146.3,18.22,18.22,99.95,99.95,46.35,46.35,128.07,128.07,2.0000709602438307,-44.4,-37.1,1.901677151828536,0.7024390243902439,71.4,71.4,43.4,43.4,90.0,90.0,49.4,49.4,78.6,78.6,G,K,352.0
353,e,30,H,G,O,14.64,-1.2857142857142858,"(False, 0.0)",A,354,0.733,41.0,47.22,47.22,4.07,4.07,46.8,46.8,0.41,0.41,43.15,43.15,1.999526106989565,-134.7,84.1,2.0088430062821248,0.3867924528301887,43.4,43.4,9.2,9.2,65.9,65.9,1.1,1.1,66.6,66.6,G,A,353.0
354,-,10,C,C,O,15.434000000000001,-1.6714285714285713,"(False, 0.0)",R,355,0.693,30.0,26.88,26.88,0.83,0.83,1.76,1.76,25.12,25.12,26.06,26.06,2.8973702852989502,-112.2,135.5,2.6627579887788486,0.12096774193548387,11.3,11.3,2.0,2.0,2.4,2.4,15.2,15.2,13.3,13.3,-,R,354.0
355,e,30,C,C,O,15.006,-0.8428571428571427,"(True, 0.8924)",R,356,0.66,87.0,81.76,81.76,1.26,1.26,19.96,19.96,61.8,61.8,80.49,80.49,3.4545312456713937,-146.3,-169.8,2.7855121034308894,0.35080645161290325,34.3,34.3,3.0,3.0,27.3,27.3,37.5,37.5,41.0,41.0,-,R,355.0
356,-,0,E,E,O,17.02,-0.9285714285714286,"(False, 0.0)",I,357,0.506,0.0,0.06,0.06,0.06,0.06,0.06,0.06,0.0,0.0,0.0,0.0,5.108420539389633,-129.4,123.6,5.486592487174739,0.0,0.0,0.0,0.2,0.2,0.0,0.0,0.0,0.0,0.0,0.0,E,I,356.0
357,-,0,E,E,O,17.02,-0.7857142857142857,"(False, 0.0)",E,358,0.221,4.0,3.66,3.66,0.0,0.0,0.0,0.0,3.66,3.66,3.66,3.66,5.09481218220587,-110.3,112.8,3.844828968047406,0.020618556701030927,2.1,2.1,0.0,0.0,0.0,0.0,3.0,3.0,2.8,2.8,E,E,357.0
358,-,-5,E,E,O,18.124000000000002,-0.3714285714285714,"(False, 0.0)",V,359,0.086,0.0,0.05,0.05,0.0,0.0,0.05,0.05,0.0,0.0,0.05,0.05,6.602017712680223,-106.2,105.9,6.891325855746013,0.0,0.0,0.0,0.0,0.0,0.0,0.0,0.0,0.0,0.0,0.0,E,V,358.0
359,-,5,C,C,O,17.330000000000002,-0.2285714285714285,"(True, 0.664)",R,360,0.084,30.0,28.63,28.63,0.0,0.0,3.15,3.15,25.48,25.48,28.63,28.63,3.0630721334547477,-102.6,122.3,2.451272053811056,0.12096774193548387,12.0,12.0,0.0,0.0,4.3,4.3,15.4,15.4,14.6,14.6,E,R,359.0
360,-,0,C,C,O,16.952,-1.1,"(False, 0.0)",F,361,0.111,2.0,2.1,2.1,0.37,0.37,1.72,1.72,0.37,0.37,1.72,1.72,3.7317651564762686,176.2,-36.0,5.599571902881408,0.01015228426395939,1.0,1.0,1.0,1.0,1.0,1.0,1.1,1.1,1.1,1.1,-,F,360.0
361,-,-5,C,C,O,16.124000000000002,-0.34285714285714286,"(False, 0.0)",P,362,0.142,0.0,0.27,0.27,0.27,0.27,0.0,0.0,0.27,0.27,0.0,0.0,6.284452185620376,-55.0,144.0,5.710901688518662,0.0,0.2,0.2,1.0,1.0,0.0,0.0,1.7,1.7,0.0,0.0,-,P,361.0
362,-,-5,C,C,O,15.568000000000001,-0.6857142857142858,"(False, 0.0)",D,363,0.15,0.0,0.0,0.0,0.0,0.0,0.0,0.0,0.0,0.0,0.0,0.0,5.773256819503537,-127.2,143.8,5.0120065653371215,0.0,0.0,0.0,0.0,0.0,0.0,0.0,0.0,0.0,0.0,0.0,-,D,362.0
363,-,0,C,T,O,13.907999999999998,-0.5428571428571429,"(False, 0.0)",P,364,0.162,0.0,0.61,0.61,0.61,0.61,0.61,0.61,0.0,0.0,0.0,0.0,3.85779938110546,-35.2,-5.2,3.83622328253736,0.0,0.4,0.4,2.2,2.2,0.5,0.5,0.0,0.0,0.0,0.0,T,P,363.0
364,-,0,C,T,O,12.986,-1.1714285714285713,"(False, 0.0)",A,365,0.184,33.0,34.84,34.84,15.25,15.25,22.77,22.77,12.07,12.07,19.59,19.59,1.9996942529707185,-91.9,13.7,2.055802238959189,0.3113207547169811,32.0,32.0,34.7,34.7,32.1,32.1,32.0,32.0,30.2,30.2,T,A,364.0
365,-,0,C,S,O,14.136000000000001,-1.1285714285714286,"(False, 0.0)",A,366,0.167,1.0,1.57,1.57,1.57,1.57,1.57,1.57,0.0,0.0,0.0,0.0,1.999501652136787,-112.3,157.4,2.5705436316420935,0.009433962264150943,1.4,1.4,3.6,3.6,2.2,2.2,0.0,0.0,0.0,0.0,S,A,365.0
366,-,0,C,C,O,14.256,-0.08571428571428578,"(False, 0.0)",N,367,0.147,2.0,5.69,5.69,1.3,1.3,0.49,0.49,5.2,5.2,4.39,4.39,2.7832587752717357,-71.5,115.0,2.6409268648489466,0.012738853503184714,3.9,3.9,3.1,3.1,1.2,1.2,5.0,5.0,4.2,4.2,-,N,366.0
367,-,0,H,H,O,16.236,0.49999999999999983,"(False, 0.0)",P,368,0.15,0.0,0.0,0.0,0.0,0.0,0.0,0.0,0.0,0.0,0.0,0.0,5.690488524487813,-43.3,-33.5,5.612585054289377,0.0,0.0,0.0,0.0,0.0,0.0,0.0,0.0,0.0,0.0,0.0,H,P,367.0
368,-,0,H,H,O,16.628,0.6428571428571427,"(False, 0.0)",Y,369,0.152,0.0,0.52,0.52,0.32,0.32,0.52,0.52,0.01,0.01,0.2,0.2,5.967084323983498,-55.3,-73.6,5.980036389995669,0.0,0.2,0.2,0.8,0.8,0.4,0.4,0.0,0.0,0.1,0.1,H,Y,368.0
369,-,0,H,H,O,18.024,0.6428571428571429,"(False, 0.0)",L,370,0.14,2.0,1.61,1.61,0.0,0.0,1.61,1.61,0.0,0.0,1.61,1.61,3.5530723031838924,-50.3,-56.1,3.4291116356218634,0.012195121951219513,0.9,0.9,0.0,0.0,1.1,1.1,0.0,0.0,1.2,1.2,H,L,369.0
370,-,0,H,H,O,16.838,1.4000000000000001,"(False, 0.0)",C,371,0.118,1.0,0.0,0.0,0.0,0.0,0.0,0.0,0.0,0.0,0.0,0.0,4.2518671563451775,-46.1,-63.3,4.937035596923161,0.007407407407407408,0.0,0.0,0.0,0.0,0.0,0.0,0.0,0.0,0.0,0.0,H,C,370.0
371,-,0,H,H,O,15.532,2.1714285714285713,"(False, 0.0)",F,372,0.097,0.0,0.12,0.12,0.0,0.0,0.12,0.12,0.0,0.0,0.12,0.12,7.713178306347978,-51.7,-56.2,7.7373087390318345,0.0,0.1,0.1,0.0,0.0,0.1,0.1,0.0,0.0,0.1,0.1,H,F,371.0
372,-,-5,H,H,O,15.532,2.9,"(False, 0.0)",A,373,0.061,0.0,0.0,0.0,0.0,0.0,0.0,0.0,0.0,0.0,0.0,0.0,7.967596709084329,-42.7,-71.2,7.214019472201952,0.0,0.0,0.0,0.0,0.0,0.0,0.0,0.0,0.0,0.0,0.0,H,A,372.0
373,-,-5,H,H,O,17.119999999999997,2.628571428571429,"(False, 0.0)",A,374,0.046,0.0,0.01,0.01,0.0,0.0,0.01,0.01,0.0,0.0,0.01,0.01,6.952492423636758,-48.4,-40.3,6.7475230459585145,0.0,0.0,0.0,0.0,0.0,0.0,0.0,0.0,0.0,0.0,0.0,H,A,373.0
374,-,-5,H,H,O,16.41,2.5285714285714285,"(False, 0.0)",L,375,0.061,0.0,0.0,0.0,0.0,0.0,0.0,0.0,0.0,0.0,0.0,0.0,8.297182085376425,-53.0,-64.0,8.284890396790937,0.0,0.0,0.0,0.0,0.0,0.0,0.0,0.0,0.0,0.0,0.0,H,L,374.0
375,-,-5,H,H,O,16.41,2.0714285714285716,"(False, 0.0)",L,376,0.078,0.0,0.0,0.0,0.0,0.0,0.0,0.0,0.0,0.0,0.0,0.0,6.135271081157918,-48.8,-66.6,5.529200985422378,0.0,0.0,0.0,0.0,0.0,0.0,0.0,0.0,0.0,0.0,0.0,H,L,375.0
376,-,0,H,H,O,14.789999999999997,2.357142857142857,"(False, 0.0)",M,377,0.07,2.0,2.54,2.54,1.03,1.03,0.0,0.0,2.54,2.54,1.51,1.51,2.713890450027665,-33.4,-41.7,2.7282603143299715,0.010638297872340424,1.3,1.3,2.5,2.5,0.0,0.0,3.4,3.4,1.0,1.0,H,M,376.0
377,-,-5,H,H,O,14.789999999999997,1.5999999999999999,"(False, 0.0)",A,378,0.068,0.0,0.0,0.0,0.0,0.0,0.0,0.0,0.0,0.0,0.0,0.0,3.9366459881756897,-77.0,-69.0,4.15155726430285,0.0,0.0,0.0,0.0,0.0,0.0,0.0,0.0,0.0,0.0,0.0,H,A,377.0
378,-,-5,H,H,O,12.846,0.9999999999999999,"(False, 0.0)",G,379,0.099,0.0,0.0,0.0,0.0,0.0,0.0,0.0,0.0,0.0,0.0,0.0,6.2325790019906675,-19.6,-51.0,5.718616770599178,0.0,0.0,0.0,0.0,0.0,0.0,0.0,0.0,0.0,inf,inf,H,G,378.0
379,-,0,H,H,O,10.276,1.1,"(False, 0.0)",L,380,0.13,1.0,2.22,2.22,0.0,0.0,2.22,2.22,0.0,0.0,2.22,2.22,3.939576874819592,-83.7,-40.0,3.538278493561893,0.006097560975609756,1.2,1.2,0.0,0.0,1.6,1.6,0.0,0.0,1.6,1.6,H,L,379.0
380,-,15,H,H,O,12.255999999999998,0.27142857142857146,"(False, 0.0)",D,381,0.155,35.0,33.46,33.46,0.19,0.19,11.55,11.55,21.92,21.92,33.27,33.27,1.9993708718160323,-50.2,-22.8,2.093009644407799,0.2147239263803681,23.4,23.4,0.4,0.4,27.2,27.2,21.9,21.9,33.1,33.1,H,D,380.0
381,-,-5,H,H,O,14.718,-0.4857142857142857,"(False, 0.0)",G,382,0.206,0.0,0.19,0.19,0.19,0.19,0.19,0.19,0.0,0.0,0.0,0.0,4.2889465288432715,-78.8,-62.4,3.8700255080639905,0.0,0.2,0.2,0.2,0.2,0.5,0.5,0.0,0.0,inf,inf,H,G,381.0
382,-,5,H,H,O,13.001999999999999,-0.9857142857142855,"(False, 0.0)",I,383,0.223,12.0,15.07,15.07,14.14,14.14,0.93,0.93,14.14,14.14,0.93,0.93,2.372021355904733,-38.2,-45.4,2.420280412405362,0.07100591715976333,8.6,8.6,34.1,34.1,0.7,0.7,38.4,38.4,0.7,0.7,H,I,382.0
383,e,45,H,H,O,13.807999999999998,-0.8857142857142856,"(False, 0.0)",K,384,0.263,97.0,96.38,96.38,8.58,8.58,54.41,54.41,41.96,41.96,87.79,87.79,1.9996911031513775,-59.1,-125.7,2.0328849829171265,0.473170731707317,47.0,47.0,20.4,20.4,49.0,49.0,44.7,44.7,53.9,53.9,S,K,383.0
384,e,55,C,T,O,17.407999999999998,-0.8428571428571427,"(False, 0.0)",N,385,0.327,70.0,67.5,67.5,4.96,4.96,31.7,31.7,35.8,35.8,62.54,62.54,1.9997047388768945,-54.8,96.1,2.016313127046298,0.445859872611465,46.5,46.5,11.9,11.9,76.3,76.3,34.6,34.6,60.4,60.4,S,N,384.0
385,e,60,C,T,O,15.866,-1.0142857142857142,"(False, 0.0)",K,386,0.368,143.0,142.44,142.44,13.69,13.69,101.6,101.6,40.83,40.83,128.75,128.75,1.9995706173829035,33.1,-119.6,2.132798834317295,0.6975609756097559,69.5,69.5,32.6,32.6,91.5,91.5,43.5,43.5,79.0,79.0,-,K,385.0
386,-,15,C,C,O,16.21,-1.7142857142857142,"(False, 0.0)",I,387,0.366,20.0,23.6,23.6,1.84,1.84,23.6,23.6,0.0,0.0,21.76,21.76,1.9998483537822656,82.2,128.2,2.2358302541785298,0.11834319526627217,13.4,13.4,4.4,4.4,17.0,17.0,0.0,0.0,16.2,16.2,-,I,386.0
387,e,60,C,C,O,14.325999999999999,-1.6571428571428573,"(False, 0.0)",H,388,0.39,115.0,114.66,114.66,30.99,30.99,53.76,53.76,60.89,60.89,83.66,83.66,2.2371905043089053,-146.8,116.4,1.7773412733166798,0.625,62.7,62.7,79.3,79.3,55.4,55.4,70.9,70.9,58.2,58.2,-,H,387.0
388,-,15,C,C,O,13.898000000000001,-0.8999999999999998,"(False, 0.0)",P,389,0.34,32.0,30.98,30.98,30.98,30.98,3.4,3.4,27.58,27.58,0.0,0.0,1.9997649880692232,-23.9,-66.1,2.3358452170199784,0.2352941176470588,22.6,22.6,112.6,112.6,2.8,2.8,171.4,171.4,0.0,0.0,-,P,388.0
389,e,30,C,C,O,11.918,-0.07142857142857138,"(False, 0.0)",G,390,0.273,17.0,20.18,20.18,20.18,20.18,18.48,18.48,1.7,1.7,0.0,0.0,1.9996989154247893,100.8,-141.6,1.963506512880935,0.2023809523809524,24.9,24.9,24.9,24.9,50.7,50.7,3.8,3.8,inf,inf,-,G,389.0
390,e,75,C,C,O,12.43,-1.2142857142857142,"(False, 0.0)",E,391,0.323,148.0,136.04,136.04,16.02,16.02,56.32,56.32,79.73,79.73,120.03,120.03,1.9996653063841323,-94.7,162.6,1.7298643675327878,0.7628865979381443,78.1,78.1,38.1,38.1,108.9,108.9,65.1,65.1,90.8,90.8,-,E,390.0
391,-,15,C,C,O,11.28,-1.3142857142857143,"(False, 0.0)",A,392,0.361,24.0,24.37,24.37,5.14,5.14,19.24,19.24,5.14,5.14,19.24,19.24,3.387074315317324,-77.9,171.1,2.4328845791325024,0.17647058823529413,17.8,17.8,18.7,18.7,15.9,15.9,31.9,31.9,17.5,17.5,-,P,391.0
392,e,30,C,C,O,13.742,-1.5857142857142856,"(False, 0.0)",M,393,0.552,56.0,53.6,53.6,5.03,5.03,38.51,38.51,15.09,15.09,48.57,48.57,2.6615513632171424,-71.6,-87.4,2.343764086150522,0.2978723404255319,27.8,27.8,12.0,12.0,32.7,32.7,20.0,20.0,32.1,32.1,-,M,392.0
393,e,35,C,C,O,13.592000000000002,-0.9857142857142858,"(False, 0.0)",D,394,1.036,67.0,64.74,64.74,23.04,23.04,20.35,20.35,44.39,44.39,41.7,41.7,1.9995567631721265,65.7,4.3,2.05160397338703,0.4110429447852761,45.3,45.3,54.5,54.5,47.9,47.9,44.3,44.3,41.5,41.5,-,D,393.0
394,e,65,C,S,O,15.572,-0.6714285714285716,"(False, 0.0)",K,395,1.47,156.0,155.98,155.98,10.26,10.26,94.69,94.69,61.29,61.29,145.72,145.72,1.9994805322774052,-136.8,84.4,1.9732206604033729,0.7609756097560976,76.1,76.1,24.4,24.4,85.2,85.2,65.3,65.3,89.4,89.4,S,K,394.0
395,e,25,C,C,O,15.927999999999997,-1.4285714285714286,"(False, 0.0)",N,396,2.436,23.0,26.07,26.07,7.37,7.37,11.48,11.48,14.59,14.59,18.7,18.7,2.0730492190140684,-51.8,130.0,1.9307680593191383,0.1464968152866242,18.0,18.0,17.7,17.7,27.6,27.6,14.1,14.1,18.1,18.1,-,N,395.0
396,e,15,C,T,O,15.928,-1.1571428571428573,"(False, 0.0)",L,397,3.613,50.0,49.06,49.06,4.37,4.37,47.01,47.01,2.05,2.05,44.69,44.69,1.9997808598473938,9.2,-85.4,1.9896583810118291,0.3048780487804878,27.3,27.3,11.0,11.0,33.0,33.0,5.5,5.5,32.0,32.0,S,L,396.0
397,e,40,C,T,O,17.066,-0.8857142857142858,"(False, 0.0)",Y,398,3.669,184.0,173.51,173.51,14.75,14.75,115.18,115.18,58.33,58.33,158.75,158.75,1.9993655263445729,1.7,24.6,1.824619518487269,0.8288288288288288,81.0,81.0,38.4,38.4,86.6,86.6,71.9,71.9,90.3,90.3,-,Y,397.0
398,e,40,C,S,O,17.988,-0.5571428571428572,"(False, 0.0)",D,399,3.665,42.0,39.09,39.09,1.59,1.59,8.73,8.73,30.36,30.36,37.5,37.5,1.9995121687481496,-109.6,113.0,1.961904985163564,0.2576687116564417,27.4,27.4,3.8,3.8,20.5,20.5,30.3,30.3,37.3,37.3,S,D,398.0
399,e,50,C,S,O,17.194,-0.5571428571428572,"(False, 0.0)",L,400,3.738,114.0,118.39,118.39,13.65,13.65,110.71,110.71,7.67,7.67,104.74,104.74,1.999697169174176,19.3,72.2,2.3261674758790933,0.6951219512195121,65.9,65.9,34.3,34.3,77.8,77.8,20.7,20.7,74.9,74.9,S,L,399.0
400,e,35,C,C,O,16.302,-1.6,"(False, 0.0)",P,401,5.011,100.0,102.16,102.16,15.26,15.26,96.31,96.31,5.85,5.85,86.9,86.9,1.999655274375836,4.5,-62.9,1.9752522338728231,0.7352941176470589,74.5,74.5,55.5,55.5,79.5,79.5,36.3,36.3,79.2,79.2,S,P,400.0
401,e,50,H,H,O,16.68,-1.157142857142857,"(True, 0.6835)",P,402,4.634,58.0,62.07,62.07,2.34,2.34,60.77,60.77,1.3,1.3,59.73,59.73,1.999747915259417,-64.6,-105.2,2.217000778131593,0.4264705882352941,45.2,45.2,8.5,8.5,50.2,50.2,8.1,8.1,54.4,54.4,S,P,401.0
402,e,55,H,H,O,14.7,-1.2142857142857142,"(False, 0.0)",E,403,4.661,102.0,91.1,91.1,24.39,24.39,40.26,40.26,50.84,50.84,66.71,66.71,1.9997116144780969,38.5,33.7,1.7469052712806592,0.5257731958762887,52.3,52.3,58.1,58.1,77.9,77.9,41.5,41.5,50.5,50.5,T,E,402.0
403,e,60,H,H,O,14.356,-2.257142857142857,"(False, 0.0)",E,404,4.738,110.0,98.88,98.88,4.76,4.76,32.91,32.91,65.97,65.97,94.12,94.12,2.4003408155263286,61.7,-8.7,1.7529910591651214,0.5670103092783505,56.8,56.8,11.3,11.3,63.7,63.7,53.9,53.9,71.2,71.2,T,E,403.0
404,e,45,H,H,O,13.584,-1.3857142857142857,"(False, 0.0)",A,405,3.509,16.0,17.61,17.61,13.66,13.66,12.68,12.68,4.94,4.94,3.95,3.95,1.9996479318646447,-57.6,-31.2,1.7676827382300275,0.1509433962264151,16.2,16.2,31.1,31.1,17.9,17.9,13.1,13.1,6.1,6.1,T,A,404.0
405,e,25,H,H,O,15.15,-1.3857142857142857,"(False, 0.0)",K,406,2.825,119.0,117.49,117.49,37.4,37.4,54.51,54.51,62.97,62.97,80.09,80.09,1.9998466031055933,-67.7,-37.2,1.974006029817396,0.5804878048780487,57.3,57.3,89.1,89.1,49.1,49.1,67.1,67.1,49.1,49.1,T,K,405.0
406,e,70,C,T,O,15.921999999999997,-1.3857142857142857,"(False, 0.0)",E,407,2.833,113.0,103.68,103.68,24.16,24.16,22.91,22.91,80.76,80.76,79.52,79.52,1.9998903535089299,-65.5,-43.4,1.8771731441066817,0.5824742268041238,59.5,59.5,57.5,57.5,44.3,44.3,65.9,65.9,60.2,60.2,T,E,406.0
407,-,20,C,S,O,16.512,-0.2857142857142857,"(False, 0.0)",I,408,3.009,29.0,29.56,29.56,3.53,3.53,26.96,26.96,2.6,2.6,26.03,26.03,1.9994268953467995,-41.9,130.9,1.9330682026825905,0.17159763313609466,16.8,16.8,8.5,8.5,19.4,19.4,7.0,7.0,19.4,19.4,S,I,407.0
408,e,50,C,C,O,17.683999999999997,-0.28571428571428564,"(False, 0.0)",P,409,2.851,62.0,67.2,67.2,10.1,10.1,67.2,67.2,0.0,0.0,57.1,57.1,1.9995275035363933,-56.3,129.5,2.247032754897142,0.4558823529411765,49.0,49.0,36.7,36.7,55.5,55.5,0.0,0.0,52.1,52.1,-,P,408.0
409,e,30,E,B,O,17.270000000000003,0.21428571428571427,"(False, 0.0)",Q,410,2.308,64.0,63.82,63.82,5.69,5.69,30.24,30.24,33.59,33.59,58.13,58.13,2.4547959349620845,-116.2,152.3,1.9629190025672527,0.3232323232323233,35.7,35.7,13.5,13.5,64.4,64.4,25.5,25.5,42.5,42.5,B,Q,409.0
410,-,0,C,C,O,13.669999999999998,0.6,"(False, 0.0)",V,411,1.041,2.0,1.31,1.31,0.0,0.0,1.31,1.31,0.0,0.0,1.31,1.31,2.6074207101444764,-68.0,29.0,2.742098150044453,0.014084507042253518,0.9,0.9,0.0,0.0,1.1,1.1,0.0,0.0,1.2,1.2,-,V,410.0
411,-,0,C,C,O,12.078,0.5,"(False, 0.0)",A,412,0.702,1.0,1.24,1.24,1.24,1.24,1.24,1.24,0.0,0.0,0.0,0.0,1.9995471456169218,57.9,22.1,2.4665436055305348,0.009433962264150943,1.1,1.1,2.8,2.8,1.8,1.8,0.0,0.0,0.0,0.0,-,A,411.0
412,e,35,C,S,O,13.468,0.2285714285714286,"(False, 0.0)",G,413,0.517,22.0,27.03,27.03,27.03,27.03,12.94,12.94,14.09,14.09,0.0,0.0,1.999453301773893,-37.3,126.1,1.780191959720207,0.2619047619047619,33.3,33.3,33.3,33.3,35.5,35.5,31.6,31.6,inf,inf,-,G,412.0
413,e,30,C,S,O,11.867999999999999,0.22857142857142862,"(False, 0.0)",S,414,0.425,71.0,62.74,62.74,2.02,2.02,34.67,34.67,28.06,28.06,60.72,60.72,1.999865647921028,106.5,94.0,1.8837099569783808,0.5461538461538461,53.0,53.0,4.6,4.6,73.8,73.8,39.3,39.3,81.0,81.0,S,S,413.0
414,-,0,H,H,O,12.282,-0.11428571428571425,"(False, 0.0)",L,415,0.444,6.0,7.15,7.15,3.72,3.72,3.57,3.57,3.58,3.58,3.43,3.43,1.999679195904028,-17.9,-84.9,2.7111854451732684,0.03658536585365853,4.0,4.0,9.3,9.3,2.5,2.5,9.6,9.6,2.5,2.5,H,L,414.0
415,e,40,H,H,O,13.901999999999997,0.17142857142857146,"(False, 0.0)",E,416,0.397,84.0,81.48,81.48,2.54,2.54,35.07,35.07,46.41,46.41,78.95,78.95,2.5711743734960915,-23.7,-59.6,1.9810398769737332,0.4329896907216495,46.8,46.8,6.0,6.0,67.8,67.8,37.9,37.9,59.7,59.7,H,E,415.0
416,e,35,H,H,O,16.288,-0.27142857142857146,"(False, 0.0)",E,417,0.326,81.0,71.14,71.14,8.49,8.49,26.46,26.46,44.69,44.69,62.65,62.65,1.9995620773053815,-46.9,-58.1,1.7763902378478469,0.4175257731958763,40.8,40.8,20.2,20.2,51.2,51.2,36.5,36.5,47.4,47.4,H,E,416.0
417,-,-5,H,H,O,14.572,-0.6571428571428573,"(False, 0.0)",A,418,0.204,0.0,0.0,0.0,0.0,0.0,0.0,0.0,0.0,0.0,0.0,0.0,3.5673723163302795,-56.1,-48.2,3.8136606879038553,0.0,0.0,0.0,0.0,0.0,0.0,0.0,0.0,0.0,0.0,0.0,H,A,417.0
418,-,-5,H,H,O,14.572,-0.6571428571428573,"(False, 0.0)",L,419,0.084,0.0,0.0,0.0,0.0,0.0,0.0,0.0,0.0,0.0,0.0,0.0,5.303363985766153,-46.8,-51.3,4.944616717280379,0.0,0.0,0.0,0.0,0.0,0.0,0.0,0.0,0.0,0.0,0.0,H,L,418.0
419,e,40,H,H,O,16.137999999999998,-0.6571428571428573,"(False, 0.0)",N,420,0.067,62.00000000000001,59.1,59.1,0.0,0.0,16.78,16.78,42.32,42.32,59.1,59.1,2.82009229346272,-49.7,-68.8,2.3388163343083312,0.3949044585987261,40.8,40.8,0.0,0.0,40.4,40.4,40.9,40.9,57.1,57.1,H,N,419.0
420,-,15,H,H,O,16.174,0.3857142857142856,"(False, 0.0)",E,421,0.08,19.0,18.83,18.83,13.0,13.0,17.34,17.34,1.49,1.49,5.83,5.83,1.999532827487772,-27.0,-66.6,1.8522412801322488,0.1792452830188679,17.3,17.3,29.6,29.6,24.4,24.4,4.0,4.0,9.0,9.0,H,A,420.0
421,-,0,H,H,O,16.174,-0.3714285714285715,"(False, 0.0)",L,422,0.104,2.0,1.18,1.18,0.0,0.0,1.18,1.18,0.0,0.0,1.18,1.18,4.0025493025822385,-47.9,-41.7,4.684502884041971,0.012195121951219513,0.7,0.7,0.0,0.0,0.8,0.8,0.0,0.0,0.8,0.8,H,L,421.0
422,e,35,H,H,O,15.945999999999998,-1.5571428571428572,"(False, 0.0)",D,423,0.115,67.0,60.13,60.13,7.43,7.43,3.2,3.2,56.93,56.93,52.7,52.7,2.7530284891763754,-54.5,-38.1,2.085196455287758,0.4110429447852761,42.1,42.1,17.6,17.6,7.5,7.5,56.8,56.8,52.5,52.5,H,D,422.0
423,e,75,H,H,O,16.088,-1.557142857142857,"(False, 0.0)",L,424,0.143,121.0,126.83,126.83,24.01,24.01,108.19,108.19,18.65,18.65,102.83,102.83,1.999294857741972,-87.7,-48.8,1.8963375997683676,0.7378048780487805,70.6,70.6,60.3,60.3,76.0,76.0,50.2,50.2,73.6,73.6,H,L,423.0
424,e,25,C,C,O,14.522,-0.6571428571428573,"(False, 0.0)",D,425,0.135,45.0,39.47,39.47,3.86,3.86,5.03,5.03,34.44,34.44,35.61,35.61,1.9995758374756176,-57.3,-27.0,1.78820360621474,0.27607361963190186,27.6,27.6,9.1,9.1,11.8,11.8,34.3,34.3,35.4,35.4,H,D,424.0
425,-,5,C,C,O,16.146,-0.6571428571428573,"(False, 0.0)",R,426,0.145,32.0,35.77,35.77,0.0,0.0,12.82,12.82,22.95,22.95,35.77,35.77,3.1994017276804882,13.8,-73.2,2.591213178723536,0.12903225806451613,15.0,15.0,0.0,0.0,17.5,17.5,13.9,13.9,18.2,18.2,T,R,425.0
426,e,60,H,H,O,16.145999999999997,-0.7142857142857143,"(False, 0.0)",E,427,0.162,111.0,102.2,102.2,0.23,0.23,56.51,56.51,45.7,45.7,101.97,101.97,2.384335621952011,-21.3,-89.3,1.9301444122275,0.5721649484536082,58.7,58.7,0.5,0.5,109.3,109.3,37.3,37.3,77.1,77.1,H,E,426.0
427,-,0,H,H,O,16.952,-1.0000000000000002,"(False, 0.0)",F,428,0.192,11.0,10.77,10.77,7.38,7.38,8.88,8.88,1.88,1.88,3.39,3.39,1.9992941619267888,-42.7,-18.7,2.933164903413956,0.05583756345177665,5.4,5.4,19.2,19.2,5.4,5.4,5.4,5.4,2.1,2.1,H,F,427.0
428,-,0,H,H,O,16.396,-0.5571428571428573,"(False, 0.0)",L,429,0.198,1.0,0.3,0.3,0.0,0.0,0.3,0.3,0.0,0.0,0.3,0.3,3.9789814544557434,-84.4,-61.4,4.808235404027529,0.006097560975609756,0.2,0.2,0.0,0.0,0.2,0.2,0.0,0.0,0.2,0.2,H,L,428.0
429,-,25,H,H,O,14.362,0.028571428571428532,"(False, 0.0)",K,430,0.182,61.0,64.97,64.97,12.68,12.68,28.8,28.8,36.16,36.16,52.29,52.29,2.643099445454561,-41.9,-26.5,2.18711417438065,0.2975609756097561,31.7,31.7,30.2,30.2,25.9,25.9,38.5,38.5,32.1,32.1,H,K,429.0
430,e,25,H,G,O,11.081999999999999,1.1285714285714286,"(False, 0.0)",A,431,0.144,38.0,45.01,45.01,9.59,9.59,45.0,45.0,0.01,0.01,35.42,35.42,1.999782237168332,-72.6,112.1,1.9758797567690896,0.3584905660377358,41.4,41.4,21.8,21.8,63.4,63.4,0.0,0.0,54.7,54.7,T,A,430.0
431,e,65,H,G,O,11.116,1.1285714285714286,"(False, 0.0)",G,432,0.107,58.99999999999999,59.14,59.14,59.14,59.14,12.86,12.86,46.28,46.28,0.0,0.0,1.9998451736452791,117.9,-33.1,1.7096573788939118,0.7023809523809523,72.9,72.9,72.9,72.9,35.3,35.3,103.7,103.7,inf,inf,T,G,431.0
432,e,50,H,G,O,11.934,0.48571428571428577,"(False, 0.0)",G,433,0.104,34.0,35.29,35.29,35.29,35.29,32.94,32.94,2.35,2.35,0.0,0.0,1.9996810176232642,114.6,-20.0,1.8075290262777877,0.4047619047619048,43.5,43.5,43.5,43.5,90.4,90.4,5.3,5.3,inf,inf,S,G,432.0
433,-,-5,C,S,O,12.788,0.5428571428571429,"(False, 0.0)",V,434,0.124,0.0,0.0,0.0,0.0,0.0,0.0,0.0,0.0,0.0,0.0,0.0,2.8978601811328257,-63.6,90.6,3.098914225415455,0.0,0.0,0.0,0.0,0.0,0.0,0.0,0.0,0.0,0.0,0.0,S,V,433.0
434,-,5,C,S,O,14.443999999999999,-0.21428571428571427,"(False, 0.0)",F,435,0.133,9.0,8.12,8.12,2.37,2.37,6.34,6.34,1.77,1.77,5.75,5.75,3.0965873419720285,109.9,106.7,4.660517471697232,0.045685279187817264,4.1,4.1,6.2,6.2,3.8,3.8,5.1,5.1,3.6,3.6,S,F,434.0
435,-,20,C,C,O,16.478,0.09999999999999999,"(False, 0.0)",T,436,0.126,44.0,45.73,45.73,8.74,8.74,40.1,40.1,5.63,5.63,36.99,36.99,1.9993691685418304,-89.5,164.6,2.2480781450014304,0.30985915492957744,32.5,32.5,20.8,20.8,53.9,53.9,8.5,8.5,37.5,37.5,-,T,435.0
436,e,35,H,H,O,14.463999999999999,0.7999999999999997,"(False, 0.0)",D,437,0.1,64.0,60.26,60.26,2.56,2.56,22.06,22.06,38.2,38.2,57.7,57.7,2.5723961512361546,-55.9,-57.9,2.2048322400452705,0.392638036809816,42.2,42.2,6.1,6.1,51.9,51.9,38.1,38.1,57.4,57.4,H,D,436.0
437,e,50,H,H,O,14.784,-0.3000000000000001,"(False, 0.0)",E,438,0.075,92.0,83.41,83.41,2.16,2.16,23.28,23.28,60.13,60.13,81.25,81.25,1.999580948950666,-33.5,-80.9,1.9288336404104425,0.4742268041237113,47.9,47.9,5.1,5.1,45.0,45.0,49.1,49.1,61.5,61.5,H,E,437.0
438,-,5,H,H,O,13.966,-0.44285714285714295,"(False, 0.0)",A,439,0.076,2.0,1.81,1.81,0.95,0.95,1.81,1.81,0.0,0.0,0.86,0.86,3.8996514817022847,-21.9,-67.3,3.9033394484572623,0.018867924528301886,1.7,1.7,2.2,2.2,2.5,2.5,0.0,0.0,1.3,1.3,H,A,438.0
439,-,0,H,H,O,13.930000000000001,-0.5285714285714285,"(False, 0.0)",I,440,0.06,3.0,2.29,2.29,1.45,1.45,2.29,2.29,0.0,0.0,0.84,0.84,4.686868361102377,-47.1,-60.3,4.477200539842341,0.017751479289940832,1.3,1.3,3.5,3.5,1.7,1.7,0.0,0.0,0.6,0.6,H,I,439.0
440,e,40,H,H,O,14.822,0.6142857142857142,"(False, 0.0)",D,441,0.07,63.0,57.78,57.78,1.31,1.31,24.78,24.78,33.0,33.0,56.47,56.47,1.9994555836290058,-50.5,-76.9,1.9325846964394329,0.38650306748466257,40.5,40.5,3.1,3.1,58.3,58.3,32.9,32.9,56.2,56.2,H,D,440.0
441,-,15,H,H,O,16.802,1.3714285714285714,"(False, 0.0)",A,442,0.068,20.0,19.88,19.88,11.97,11.97,17.18,17.18,2.69,2.69,7.91,7.91,1.9997100099520728,-31.3,-58.7,1.8292801527973517,0.18867924528301888,18.3,18.3,27.2,27.2,24.2,24.2,7.1,7.1,12.2,12.2,H,A,441.0
442,-,0,H,H,O,14.822,1.657142857142857,"(False, 0.0)",Y,443,0.065,6.0,6.46,6.46,0.0,0.0,5.68,5.68,0.78,0.78,6.46,6.46,3.781839631957877,-45.4,-75.7,3.202709133273352,0.027027027027027032,3.0,3.0,0.0,0.0,4.3,4.3,1.0,1.0,3.7,3.7,H,Y,442.0
443,-,5,H,H,O,16.766,0.3714285714285714,"(False, 0.0)",I,444,0.057,7.000000000000001,10.35,10.35,0.0,0.0,10.35,10.35,0.0,0.0,10.35,10.35,3.168523233213996,-29.7,-72.0,2.739208640220117,0.04142011834319527,5.9,5.9,0.0,0.0,7.5,7.5,0.0,0.0,7.7,7.7,H,I,443.0
444,e,50,H,H,O,17.322,0.22857142857142868,"(False, 0.0)",A,445,0.049,58.0,59.99,59.99,18.87,18.87,48.35,48.35,11.64,11.64,41.12,41.12,1.9997790216972016,-30.6,-36.3,1.805489332178392,0.5471698113207547,55.2,55.2,42.9,42.9,68.1,68.1,30.8,30.8,63.5,63.5,H,A,444.0
445,-,15,H,H,O,16.572,-0.5285714285714286,"(False, 0.0)",L,446,0.06,49.0,55.85,55.85,0.37,0.37,55.85,55.85,0.0,0.0,55.48,55.48,1.9995041974180057,-75.7,-70.5,2.0290692226126854,0.29878048780487804,31.1,31.1,0.9,0.9,39.2,39.2,0.0,0.0,39.7,39.7,H,L,445.0
446,-,0,H,H,O,15.006,-0.8428571428571429,"(False, 0.0)",R,447,0.057,32.0,34.57,34.57,0.0,0.0,3.22,3.22,31.35,31.35,34.57,34.57,2.7723061694104945,-40.2,-37.0,2.705960388548682,0.12903225806451613,14.5,14.5,0.0,0.0,4.4,4.4,19.0,19.0,17.6,17.6,H,R,446.0
447,e,30,C,I,O,15.419999999999998,-1.9857142857142858,"(False, 0.0)",R,448,0.056,78.0,79.31,79.31,0.0,0.0,30.57,30.57,48.74,48.74,79.31,79.31,2.64088966264278,-50.0,-66.4,2.1909910231455827,0.3145161290322581,33.3,33.3,0.0,0.0,41.8,41.8,29.5,29.5,40.4,40.4,H,R,447.0
448,e,60,C,I,O,13.475999999999999,-2.742857142857143,"(False, 0.0)",E,449,0.063,143.0,125.93,125.93,6.63,6.63,44.01,44.01,81.92,81.92,119.3,119.3,1.9997622394800871,-38.3,-64.2,1.7347258671619674,0.7371134020618557,72.3,72.3,15.8,15.8,85.1,85.1,66.9,66.9,90.3,90.3,H,E,448.0
449,-,5,C,I,O,12.956,-3.9285714285714284,"(False, 0.0)",E,450,0.068,61.99999999999999,54.61,54.61,6.36,6.36,19.89,19.89,34.73,34.73,48.26,48.26,1.9996939744990585,-46.8,-56.3,1.9389307563273983,0.31958762886597936,31.4,31.4,15.1,15.1,38.5,38.5,28.4,28.4,36.5,36.5,H,E,449.0
450,-,5,C,I,O,12.956,-2.685714285714286,"(False, 0.0)",D,451,0.084,17.0,15.95,15.95,0.05,0.05,0.0,0.0,15.95,15.95,15.9,15.9,2.518445855381717,-42.2,-41.8,2.3103228517757293,0.10429447852760736,11.2,11.2,0.1,0.1,0.0,0.0,15.9,15.9,15.8,15.8,H,D,450.0
451,e,35,H,H,O,14.556000000000001,-2.685714285714286,"(False, 0.0)",D,452,0.084,62.00000000000001,55.53,55.53,0.0,0.0,9.63,9.63,45.89,45.89,55.53,55.53,2.7940241100391154,-66.6,-69.3,2.2729373248261235,0.3803680981595092,38.9,38.9,0.0,0.0,22.7,22.7,45.8,45.8,55.3,55.3,H,D,451.0
452,e,30,H,H,O,14.697999999999999,-1.9142857142857141,"(False, 0.0)",R,453,0.089,176.0,169.49,169.49,6.93,6.93,56.86,56.86,112.63,112.63,162.56,162.56,1.9997589727348493,-35.5,-45.5,1.9001363389116124,0.7096774193548387,71.2,71.2,16.5,16.5,77.7,77.7,68.3,68.3,82.9,82.9,H,R,452.0
453,-,5,H,H,O,15.612,-1.5142857142857145,"(False, 0.0)",V,454,0.103,66.0,66.53,66.53,10.28,10.28,59.68,59.68,6.85,6.85,56.25,56.25,1.9995143527016461,-60.1,-51.9,2.0501394215522817,0.4647887323943662,43.8,43.8,24.8,24.8,51.9,51.9,18.6,18.6,50.9,50.9,H,V,453.0
454,e,25,H,H,O,16.43,-1.242857142857143,"(True, 0.5682)",R,455,0.1,134.0,138.74,138.74,24.73,24.73,50.35,50.35,88.39,88.39,114.02,114.02,1.999544005244509,-74.9,-33.4,1.858700319275547,0.5403225806451613,58.3,58.3,58.9,58.9,68.8,68.8,53.6,53.6,58.1,58.1,H,R,454.0
455,e,25,C,T,O,17.06,-1.2,"(False, 0.0)",M,456,0.089,141.0,145.78,145.78,24.07,24.07,117.86,117.86,27.91,27.91,121.7,121.7,1.9996659715748857,-62.8,-34.4,1.8895828054292256,0.75,75.5,75.5,57.3,57.3,100.2,100.2,37.0,37.0,80.5,80.5,H,M,455.0
456,-,5,C,S,O,15.484,-0.7857142857142857,"(False, 0.0)",T,457,0.088,57.0,52.79,52.79,11.4,11.4,31.84,31.84,20.94,20.94,41.39,41.39,1.999407179573752,-79.1,117.9,1.8709016877520837,0.4014084507042254,37.5,37.5,27.2,27.2,42.8,42.8,31.7,31.7,42.0,42.0,S,T,456.0
457,-,5,C,C,O,16.113999999999997,-0.7857142857142857,"(False, 0.0)",P,458,0.083,75.0,77.76,77.76,6.1,6.1,75.57,75.57,2.19,2.19,71.67,71.67,1.9995743616332249,-67.0,141.1,1.8778342984564085,0.5514705882352942,56.7,56.7,22.2,22.2,62.4,62.4,13.6,13.6,65.3,65.3,-,P,457.0
458,-,0,C,C,O,17.178,-0.6428571428571429,"(False, 0.0)",H,459,0.075,93.0,88.68,88.68,2.69,2.69,53.24,53.24,35.44,35.44,85.99,85.99,1.9996311850412325,-94.9,130.1,2.0012940040313234,0.5054347826086957,48.5,48.5,6.9,6.9,54.9,54.9,41.2,41.2,59.8,59.8,-,H,458.0
459,-,0,H,H,O,16.738,-0.5142857142857143,"(False, 0.0)",P,460,0.066,69.0,70.75,70.75,9.73,9.73,67.39,67.39,3.36,3.36,61.02,61.02,1.9994798316005515,-37.5,-56.5,1.9013903984528373,0.5073529411764706,51.6,51.6,35.4,35.4,55.6,55.6,20.9,20.9,55.6,55.6,H,P,459.0
460,-,-5,H,H,O,17.212,-0.9142857142857143,"(False, 0.0)",V,461,0.056,64.0,69.55,69.55,0.33,0.33,69.33,69.33,0.22,0.22,69.22,69.22,2.000005160046833,-52.4,-48.2,2.2506947453007458,0.4507042253521127,45.8,45.8,0.8,0.8,60.2,60.2,0.6,0.6,62.7,62.7,H,V,460.0
461,-,-5,H,H,O,17.188,-0.14285714285714285,"(False, 0.0)",E,462,0.056,103.0,90.44,90.44,1.55,1.55,44.16,44.16,46.27,46.27,88.89,88.89,2.514587956960812,-42.1,-38.8,1.7829450083172362,0.5309278350515464,51.9,51.9,3.7,3.7,85.4,85.4,37.8,37.8,67.2,67.2,H,E,461.0
462,-,0,H,H,O,17.982,0.1285714285714285,"(False, 0.0)",F,463,0.058,117.0,119.31,119.31,3.84,3.84,116.1,116.1,3.21,3.21,115.47,115.47,1.9997385498438303,-64.9,-43.6,1.837799393499637,0.5939086294416244,59.7,59.7,10.0,10.0,70.4,70.4,9.2,9.2,71.5,71.5,H,F,462.0
463,e,35,H,H,O,17.274,0.17142857142857146,"(False, 0.0)",E,464,0.094,156.0,139.97,139.97,37.18,37.18,36.55,36.55,103.42,103.42,102.79,102.79,1.9996565223977008,-41.1,-66.3,1.7085218029736997,0.8041237113402062,80.4,80.4,88.5,88.5,70.7,70.7,84.4,84.4,77.8,77.8,H,E,463.0
464,e,25,H,H,O,18.166000000000004,-0.5428571428571428,"(False, 0.0)",L,465,0.094,92.0,95.07,95.07,23.18,23.18,77.53,77.53,17.54,17.54,71.89,71.89,1.999876823121096,-82.5,-46.9,1.9370378769247605,0.5609756097560976,52.9,52.9,58.3,58.3,54.4,54.4,47.2,47.2,51.4,51.4,H,L,464.0
465,-,5,H,H,O,16.1,0.5571428571428572,"(False, 0.0)",Y,466,0.094,166.0,151.73,151.73,4.5,4.5,100.84,100.84,50.89,50.89,147.23,147.23,1.9999412829859289,-85.6,-13.9,1.8508936307801656,0.7477477477477478,70.8,70.8,11.7,11.7,75.8,75.8,62.7,62.7,83.8,83.8,H,Y,465.0
466,-,0,C,T,O,17.7,inf,"(False, 0.0)",Y,467,0.094,169.0,163.65,163.65,22.02,22.02,99.97,99.97,63.68,63.68,141.64,141.64,1.9995651409284865,-53.2,-81.1,1.8159114634532705,0.7612612612612613,76.4,76.4,57.3,57.3,75.1,75.1,78.5,78.5,80.6,80.6,S,Y,466.0
467,e,25,C,T,O,inf,inf,"(False, 0.0)",S,468,0.094,118.0,109.08,109.08,39.31,39.31,44.62,44.62,64.46,64.46,69.77,69.77,1.9995756959129425,-65.4,67.9,1.7394911347543809,0.9076923076923076,92.2,92.2,90.5,90.5,95.0,95.0,90.3,90.3,93.1,93.1,-,S,467.0
468,-,15,C,C,O,inf,inf,"(False, 0.0)",V,469,0.094,142.0,157.25,157.25,66.37,66.37,121.1,121.1,36.16,36.16,90.88,90.88,1.9994793190454876,-107.9,360.0,1.833909483648192,1.0,103.5,103.5,159.9,159.9,105.2,105.2,98.1,98.1,82.3,82.3,-,V,468.0
